19 11
18
0 18
2 14
3 14
12 15
1 7
9 13
7 15
1 10
10 17
15 16
5 7
13 17
2 18
4 17
0 6
6 15
10 11
8 16
69 34 83 91 27 87 74 44 38 42 27 52 93 80 77 57 75 65 69
38 51 77 59 100 28 59 67 78 40 60 34 89 87 95 71 100 50 76
51 80 82 98 65 20 32 51 38 30 99 60 26 32 48 27 87 36 28
42 72 71 58 90 27 95 42 46 52 81 86 53 87 91 56 44 74 65
53 54 80 84 33 84 65 32 44 57 21 58 28 59 94 38 45 46 43
36 91 53 73 58 79 69 45 94 47 80 95 64 82 47 40 73 35 73
61 32 41 89 69 37 29 92 25 41 90 75 34 83 70 98 77 60 23
37 66 39 64 78 46 66 33 92 91 29 73 61 53 51 31 34 47 35
92 27 76 72 76 45 78 88 68 35 89 26 20 24 78 72 77 71 31
94 42 34 38 95 34 26 73 73 91 24 45 31 92 26 68 43 47 88
65 61 46 26 29 82 79 29 42 35 61 83 74 70 27 32 50 72 65