19 18
18
3 17
10 12
3 9
9 13
0 14
13 15
0 6
13 16
9 11
4 8
0 12
4 6
7 17
1 6
3 18
4 17
2 18
5 15
86 20 32 97 36 27 66 24 63 85 86 57 95 31 91 44 21 41 66
76 92 86 25 81 56 88 84 53 64 87 36 64 96 57 68 73 53 26
81 50 60 42 69 71 97 91 48 43 91 67 49 24 84 26 46 54 93
23 74 54 77 84 55 45 48 27 75 31 98 85 69 80 87 68 50 64
99 22 71 73 44 72 52 94 96 99 78 43 89 75 51 49 54 54 66
21 32 98 20 80 42 48 28 26 25 100 42 91 55 46 86 63 21 38
30 32 100 97 20 81 92 63 87 44 44 21 99 86 77 77 81 71 42
81 47 47 55 89 24 84 66 28 73 60 84 23 28 97 38 81 94 30
100 88 95 70 99 44 23 83 31 69 68 25 42 89 27 71 50 39 57
83 40 93 68 26 30 91 50 21 53 82 43 46 83 96 30 57 20 22
67 70 59 53 44 40 86 93 40 37 70 76 26 55 74 62 23 98 23
34 94 53 57 85 70 62 88 20 98 38 61 47 46 30 63 78 90 78
64 30 70 68 93 78 47 99 82 50 61 96 42 62 50 44 53 27 61
56 93 96 89 92 52 60 25 69 67 40 89 79 81 28 62 41 89 41
37 94 72 79 92 90 64 93 39 92 22 38 99 89 53 41 47 43 49
27 65 57 74 23 20 88 20 100 42 91 57 81 79 90 49 92 31 45
87 24 96 34 72 69 75 22 73 83 35 63 56 23 65 80 38 49 24
99 74 54 71 50 42 76 87 85 41 47 60 51 93 94 49 38 98 26