24 18
23
5 21
18 20
19 20
8 17
8 16
5 12
0 23
4 7
9 15
3 22
2 8
1 16
11 23
7 21
0 17
2 14
20 23
1 21
3 16
13 20
6 17
10 16
4 9
66 50 26 41 43 31 92 94 80 52 86 84 24 83 64 89 53 57 49 60 44 68 48 22
73 65 21 28 37 35 28 58 81 28 57 35 32 79 30 73 39 59 98 25 100 66 48 51
92 40 31 29 24 80 100 91 64 20 91 35 34 85 91 73 92 40 50 82 35 63 76 25
82 63 80 49 54 91 53 82 53 20 74 70 68 68 47 36 28 73 91 38 24 90 58 37
81 53 43 97 31 93 48 79 100 31 94 49 98 39 78 37 39 47 42 22 50 78 67 83
32 69 79 83 72 59 23 94 84 60 96 32 22 51 98 69 94 88 38 56 63 29 81 69
51 35 87 76 29 49 37 45 31 55 87 27 85 24 34 28 75 48 89 100 47 62 56 93
23 73 60 24 60 53 45 44 52 90 89 74 44 23 50 70 22 23 90 62 52 77 77 87
58 87 58 56 99 40 85 41 48 75 98 22 66 32 48 65 28 89 20 87 65 78 75 24
52 83 63 40 43 51 21 38 80 32 100 58 66 71 79 42 26 56 75 63 86 20 39 98
47 41 31 80 45 22 75 91 38 71 60 34 53 69 75 66 40 73 40 52 38 40 65 61
100 57 55 22 80 74 81 94 59 92 27 28 49 74 40 25 96 81 70 100 88 49 93 95
21 43 42 82 42 36 31 85 80 68 87 55 64 48 58 98 32 35 32 20 68 38 72 24
46 38 97 55 39 28 40 99 52 23 72 44 32 46 60 34 64 85 24 84 70 86 81 46
81 68 71 93 61 75 53 26 39 32 69 28 46 32 39 47 97 53 82 95 99 80 88 65
20 81 77 32 86 63 87 80 67 53 92 66 58 23 46 93 71 44 79 75 47 40 81 79
99 40 90 89 91 82 64 84 66 31 71 84 41 73 48 89 27 60 87 81 51 69 100 28
38 42 59 23 63 52 85 49 33 55 55 83 53 28 47 80 22 62 90 87 94 50 39 38