29 16
28
18 21
13 12
1 24
3 15
18 7
11 24
13 0
6 27
9 15
4 5
23 6
9 27
19 22
11 21
14 5
16 28
28 17
2 24
25 13
23 2
20 8
12 17
26 5
10 20
22 12
10 12
9 10
14 2
66 38 73 22 40 97 93 76 79 45 22 69 21 54 51 85 36 54 70 78 29 69 66 79 23 52 36 77 81
21 35 46 29 43 69 50 38 38 59 38 89 57 32 56 41 78 76 37 24 62 22 21 27 77 79 47 40 50
40 62 23 51 81 43 79 81 32 27 100 21 71 35 26 30 25 83 27 89 50 63 55 54 88 98 87 53 40
95 90 20 51 31 92 29 55 43 72 80 20 28 81 58 24 56 47 79 43 45 56 28 30 36 88 25 72 20
75 58 57 36 74 52 48 32 63 24 46 93 42 77 49 33 84 43 46 83 99 69 94 65 64 22 85 65 25
40 97 69 65 84 80 66 78 63 41 76 66 96 44 28 81 86 41 42 41 38 99 95 71 46 59 96 90 41
67 81 95 67 36 47 32 30 79 53 79 41 47 83 67 60 71 84 76 97 98 72 21 47 77 71 56 95 54
66 95 20 54 84 76 41 49 52 46 78 49 92 37 89 80 31 76 96 28 92 95 91 81 41 25 42 58 82
55 57 88 84 44 46 70 60 98 85 88 80 80 95 37 22 73 24 63 47 43 73 83 82 39 62 50 35 88
85 69 99 62 99 79 38 75 25 38 43 99 55 67 98 40 28 31 62 48 68 92 23 88 97 83 53 57 74
67 23 41 93 41 97 83 75 29 70 26 41 88 64 49 47 25 84 95 73 25 23 37 62 96 20 56 82 51
84 97 72 86 45 43 47 91 27 69 55 59 50 91 39 56 34 93 77 95 33 42 66 35 96 33 82 51 66
30 57 55 57 34 30 97 85 61 59 81 23 29 35 79 49 42 93 26 96 71 78 50 80 28 25 76 63 85
73 59 71 45 26 30 80 74 99 46 81 49 68 25 25 70 47 73 77 44 31 67 86 82 62 31 37 76 25
69 83 52 51 33 72 84 70 91 98 41 99 60 46 94 99 85 30 91 39 90 54 55 29 75 57 62 29 37
41 76 55 84 54 63 58 46 44 80 77 58 86 58 67 59 97 91 31 24 41 85 83 74 95 36 69 44 43