34 19
33
19 14
0 22
23 4
23 33
25 17
10 6
25 31
32 21
26 3
15 5
15 10
8 31
8 1
26 20
10 7
0 13
27 28
16 4
22 18
21 20
9 19
2 9
16 30
12 29
19 31
11 26
10 11
8 7
4 20
20 24
0 15
8 28
29 30
76 95 64 28 51 71 75 100 92 23 22 29 75 98 80 43 29 63 41 25 98 79 26 75 44 76 74 44 44 65 64 26 97 34
65 77 46 99 63 78 34 84 28 36 81 70 69 26 43 83 57 65 69 81 64 49 45 64 29 87 35 38 40 61 81 73 72 49
23 30 62 47 48 34 87 96 29 76 73 61 65 96 57 84 91 86 47 33 40 67 27 21 38 47 80 66 76 20 40 76 69 46
48 25 34 43 40 36 94 22 85 45 75 56 30 50 22 91 89 47 94 99 41 39 68 31 22 98 99 69 86 74 66 43 63 61
72 90 30 66 51 62 27 34 62 91 96 71 61 70 68 81 34 46 77 21 71 88 61 52 73 52 31 41 82 47 46 40 77 20
62 88 74 96 73 84 81 29 67 33 96 75 100 51 90 51 23 78 52 82 34 44 85 69 27 70 44 60 90 22 60 43 26 39
69 58 70 59 50 75 75 90 85 53 39 42 24 22 78 27 94 42 79 62 82 65 85 72 86 94 94 67 47 36 35 88 91 68
66 88 54 32 80 55 37 41 72 24 27 49 52 56 51 85 41 41 90 64 36 87 42 23 26 87 50 87 78 75 45 81 41 100
88 27 63 62 70 68 97 30 21 49 94 26 90 28 25 94 30 78 33 93 21 71 37 74 77 47 56 96 42 33 34 63 20 82
28 49 41 57 40 62 98 44 90 59 91 36 57 94 29 70 86 100 22 31 59 61 56 60 71 59 52 67 90 70 44 74 27 27
41 94 34 83 96 27 56 29 55 61 58 79 62 77 78 59 58 80 97 63 23 92 47 21 94 85 62 92 75 65 71 57 100 35
79 67 53 22 56 74 46 44 40 71 42 29 93 91 45 42 33 64 70 76 45 90 34 41 60 34 38 54 53 88 77 86 92 51
55 52 53 94 32 93 99 97 65 99 40 24 65 74 82 78 84 74 56 77 34 100 96 62 90 22 27 23 67 97 57 77 51 64
82 37 71 28 87 59 48 91 45 44 32 74 24 56 53 73 61 97 24 58 62 38 92 25 56 37 25 48 54 66 34 32 88 97
95 64 45 20 47 48 37 78 20 74 86 25 54 37 23 56 32 70 84 35 69 81 83 40 90 93 100 91 57 85 60 77 70 33
57 99 45 71 36 37 69 48 40 63 20 24 78 67 27 94 84 91 99 54 79 87 76 24 24 54 20 34 56 42 93 98 31 35
53 42 81 21 72 75 28 29 20 85 85 76 41 83 41 33 65 78 49 42 61 57 42 94 41 28 70 31 45 53 51 39 60 66
40 93 20 98 46 61 37 36 72 39 44 89 94 79 39 31 80 53 63 51 32 75 26 34 69 71 26 85 25 57 90 71 28 100
49 60 54 30 75 55 48 66 27 28 71 50 48 85 41 95 43 93 54 62 27 55 63 42 37 39 23 89 26 25 99 58 96 33