24 14
23
0 17
0 21
1 17
2 13
2 21
3 11
4 7
4 11
5 21
6 14
8 15
8 16
9 11
9 10
10 18
10 23
12 20
14 20
16 19
17 22
19 22
20 22
21 23

34 45 96 54 93 73 35 86 47 87 47 98 30 78 57 47 85 44 30 35 75 85 86 78
35 40 20 81 63 56 38 22 49 59 31 65 51 88 59 100 52 58 74 44 97 75 21 48
68 46 47 61 63 87 52 79 23 21 59 49 69 21 36 31 51 97 97 100 27 81 98 50
97 36 48 58 51 97 29 36 44 41 88 67 75 74 59 55 56 51 78 74 95 78 48 56
43 28 29 56 21 79 53 93 100 60 93 38 51 88 27 26 29 85 31 46 26 51 54 46
28 23 99 84 93 78 75 32 24 69 47 98 54 66 67 98 20 21 99 99 37 79 51 58
50 71 52 96 46 29 56 57 45 84 39 90 84 49 88 43 68 70 36 90 37 76 49 47
36 94 49 92 63 82 62 86 58 40 36 44 42 53 46 66 27 39 41 88 84 57 51 50
22 32 26 100 77 70 76 23 25 79 40 60 75 88 33 90 68 69 76 99 63 31 50 60
43 91 35 93 21 91 43 70 91 36 94 73 85 98 59 89 35 92 70 23 96 37 79 23
60 32 54 58 64 73 100 53 77 89 60 57 84 72 24 61 73 37 45 30 43 84 72 46
82 93 27 79 52 36 47 69 20 68 33 86 25 29 46 22 67 40 93 89 87 34 51 31
30 34 25 69 51 35 39 97 77 82 77 75 36 20 64 27 75 48 30 89 36 34 20 64
30 60 42 55 55 50 76 99 21 32 51 66 36 80 58 50 69 26 75 50 54 26 31 98