49 36
48
3 15
46 17
16 42
44 35
13 33
1 22
24 12
6 1
24 25
7 18
7 12
44 20
37 5
8 10
4 28
11 39
0 30
16 5
15 7
16 10
23 48
42 19
2 27
40 32
26 22
38 20
43 6
38 13
31 25
39 32
43 5
46 40
21 0
20 34
5 47
21 14
45 20
31 47
26 9
27 47
29 9
46 20
41 36
33 30
36 19
22 30
4 9
48 19
51 98 94 49 27 78 32 28 75 34 22 38 86 46 78 81 46 69 32 75 83 89 29 33 53 64 84 95 86 76 100 49 84 43 98 74 68 92 22 90 67 65 62 77 52 28 100 98 58
40 49 52 57 62 78 33 63 47 32 40 98 99 39 89 23 75 32 72 36 93 56 28 86 96 58 97 88 27 72 70 91 48 93 37 50 55 55 80 40 85 60 91 55 64 70 31 85 74
70 89 96 55 79 77 86 57 65 89 62 54 50 49 87 46 39 70 26 39 74 53 52 25 46 26 31 32 37 83 77 97 75 87 88 88 96 83 26 48 22 39 98 21 23 96 41 36 50
62 86 60 74 90 100 45 96 21 32 63 84 48 78 57 20 69 99 75 39 46 78 49 24 53 25 43 95 97 83 41 88 60 43 78 78 99 76 61 64 96 42 88 39 44 21 59 90 28
57 91 30 23 78 83 63 22 65 74 35 27 28 29 46 31 62 90 38 34 73 21 99 81 65 49 60 49 76 63 89 83 48 71 61 59 96 29 42 52 27 26 87 68 49 46 28 86 20
46 42 38 68 46 91 79 56 65 46 60 20 60 28 34 62 89 31 53 96 78 28 96 89 87 42 76 100 72 53 40 76 83 71 89 55 45 87 77 88 81 42 69 48 77 85 95 24 75
90 67 77 59 100 75 20 90 41 33 46 63 92 82 72 28 90 88 79 66 40 95 72 30 79 30 64 29 90 91 98 24 51 51 69 74 22 87 20 80 86 41 86 71 35 73 79 68 26
24 90 69 75 30 79 58 51 80 22 51 24 33 26 21 48 84 41 29 87 64 38 70 96 97 29 77 80 44 85 40 37 43 80 26 81 55 90 79 21 49 75 22 50 25 90 74 35 83
32 35 26 60 96 73 70 79 83 98 73 96 52 64 51 80 74 98 86 25 76 31 22 75 50 29 71 77 27 71 48 39 40 44 38 75 78 31 49 93 61 98 81 97 21 90 27 61 76
85 52 97 95 55 73 44 38 88 61 65 31 73 54 39 72 21 78 32 90 21 47 97 66 73 54 91 47 98 100 42 88 75 64 63 24 61 20 99 75 73 77 52 25 74 90 38 82 55
75 41 83 58 52 76 84 95 77 70 87 49 65 42 76 71 100 71 56 98 66 35 72 32 65 73 40 75 79 96 34 22 55 31 44 59 93 30 57 91 57 99 59 94 47 96 68 45 61
40 80 76 35 48 30 60 52 41 60 85 53 87 24 68 47 20 29 39 73 74 48 70 99 34 21 85 27 46 54 79 81 45 62 80 52 45 57 89 56 94 87 35 33 81 56 98 54 30
67 59 74 20 48 39 91 70 26 88 26 62 54 84 79 71 23 27 56 27 24 23 82 76 78 88 59 76 31 38 64 78 91 81 55 33 98 67 23 67 20 87 70 46 47 80 97 37 98
96 46 46 96 51 69 42 93 33 61 44 37 27 81 77 100 71 45 82 95 47 83 65 77 99 69 79 99 59 35 67 60 25 72 80 32 24 29 22 68 48 80 62 56 39 59 65 70 24
43 34 89 38 56 29 55 62 80 48 20 52 86 38 45 100 62 69 22 94 63 21 73 44 25 42 72 43 36 33 96 40 88 20 88 27 90 100 50 56 48 60 44 71 93 63 39 25 28
51 49 83 28 73 55 66 70 53 40 37 39 32 40 92 59 33 33 27 75 67 21 94 34 46 28 50 71 51 80 96 36 87 66 64 100 24 87 74 97 98 58 37 92 78 34 91 31 59
45 81 79 43 38 94 92 50 54 95 90 34 37 74 90 83 78 58 29 50 86 32 76 100 59 68 34 50 34 97 88 85 44 75 82 97 42 33 81 35 68 78 20 43 88 24 91 38 81
25 44 79 33 87 51 82 73 73 64 33 72 79 60 71 73 23 86 50 74 34 82 94 63 43 92 49 66 70 48 53 64 33 38 28 28 28 98 73 45 20 79 50 81 91 28 35 36 45
77 37 46 22 20 35 66 84 69 67 36 100 41 72 50 96 34 39 78 91 20 43 24 21 36 99 65 65 80 83 23 40 99 59 96 95 68 57 79 78 79 67 97 45 92 93 97 83 74
49 50 25 41 64 74 63 95 27 47 46 90 57 76 91 25 52 79 75 37 79 28 82 89 100 34 37 66 32 86 80 61 62 42 96 80 21 81 21 85 30 69 90 72 87 41 37 76 74
23 70 76 66 72 45 98 56 81 30 73 73 99 24 47 63 25 73 51 24 98 65 41 96 59 86 77 35 89 21 56 39 89 71 50 39 60 51 77 59 99 34 22 65 54 91 88 79 67
23 66 22 70 51 54 68 26 25 23 36 35 67 38 59 63 56 96 95 75 49 58 61 100 71 20 40 39 67 72 23 28 20 56 70 96 78 68 22 90 63 25 60 81 48 30 64 88 73
52 82 72 23 29 20 72 23 81 28 80 31 78 41 86 35 84 50 63 89 72 83 95 30 78 38 58 38 52 84 47 49 84 68 24 88 57 37 52 97 92 52 31 56 75 24 51 82 34
38 49 45 89 45 56 52 33 83 31 91 65 37 68 40 27 72 100 79 62 53 88 48 66 98 75 85 77 54 91 38 28 90 49 73 46 32 60 54 45 55 85 74 47 85 45 74 98 55
31 93 100 78 36 38 77 89 53 81 35 59 43 65 50 62 100 60 85 63 33 22 57 92 91 84 75 30 99 99 21 88 64 76 30 64 20 52 94 42 54 20 33 31 88 96 68 63 32
77 49 98 77 84 71 65 92 94 73 71 47 47 65 80 24 26 79 35 73 51 29 66 69 34 53 75 52 24 42 51 85 100 64 98 57 60 64 36 66 94 97 48 85 29 80 26 37 49
36 62 83 82 49 36 65 73 89 92 50 94 36 52 44 29 39 66 37 43 42 73 47 56 41 51 89 55 69 28 63 82 52 59 37 82 57 66 69 29 31 77 75 37 99 61 84 68 97
83 76 56 44 93 39 28 68 42 87 92 81 61 62 75 63 78 74 93 30 83 51 42 55 86 68 31 60 72 42 97 56 83 92 28 64 83 42 65 63 38 75 76 71 25 85 87 74 97
79 58 92 85 55 43 37 96 20 43 83 78 28 61 24 23 81 73 62 76 40 33 40 86 22 95 37 90 96 67 99 86 34 53 41 61 52 68 42 47 33 51 77 50 61 79 65 31 35
100 29 69 96 44 35 86 82 31 100 31 96 59 21 70 92 31 83 20 51 32 36 97 77 84 80 62 56 82 36 22 29 41 85 29 42 58 53 31 100 33 60 71 69 46 95 79 70 51
61 33 39 59 74 50 30 98 74 64 36 31 57 89 33 38 68 28 98 91 25 35 100 54 30 31 80 66 54 46 26 79 39 90 67 61 99 60 24 54 65 84 45 70 90 94 67 57 36
97 43 85 32 83 48 32 54 77 43 22 23 77 77 99 88 26 26 49 63 74 40 30 85 70 31 37 26 40 96 27 63 48 92 22 87 92 92 33 56 85 38 62 55 31 60 85 26 60
66 65 20 30 29 60 53 98 42 93 51 42 66 54 45 23 22 94 82 95 54 86 45 86 41 54 42 21 44 70 80 27 27 48 44 44 79 55 85 59 50 91 79 37 42 63 42 28 96
26 78 21 42 52 63 33 64 81 34 95 80 24 53 38 46 70 49 47 94 64 40 36 70 54 74 66 31 60 56 54 46 41 74 78 21 37 86 80 94 47 59 70 49 85 86 21 33 28
29 61 61 24 97 37 55 38 25 82 23 92 69 58 54 41 83 78 50 85 32 27 99 55 46 50 48 59 39 93 82 47 23 48 61 29 36 62 34 38 70 77 32 71 41 50 43 43 57
21 28 30 66 78 90 55 66 72 88 79 70 59 92 100 30 67 70 38 36 57 88 55 50 35 38 98 86 80 60 32 42 80 59 51 82 62 60 72 57 78 82 84 83 69 70 41 74 76