24 12
23
17 3
5 0
23 10
4 10
8 16
6 9
6 12
5 3
8 19
6 22
2 20
6 14
7 20
21 0
1 13
15 4
8 13
5 19
20 9
6 19
11 10
13 18
18 4
24 76 51 91 55 58 24 28 70 58 77 75 71 98 37 73 53 55 75 20 35 100 59 56
63 60 77 26 93 30 31 62 77 45 48 73 41 27 42 23 99 54 68 58 27 75 47 45
33 81 78 87 75 91 41 21 21 61 98 70 36 46 79 29 56 66 90 31 100 54 60 79
51 65 40 40 84 93 50 88 45 81 22 34 76 80 68 46 45 71 47 31 72 85 37 21
93 69 20 98 55 75 59 21 96 63 67 27 78 26 35 39 96 82 55 79 48 68 69 99
61 64 40 33 71 35 45 84 33 35 66 54 29 57 34 39 52 53 46 90 70 94 60 36
71 44 45 74 80 52 95 60 58 94 27 84 23 48 89 56 56 84 90 63 74 90 45 38
27 38 65 51 72 67 59 35 40 64 31 49 96 76 89 66 85 59 23 24 37 81 63 76
83 31 72 47 65 78 79 25 94 46 38 67 88 63 55 61 32 65 69 31 97 92 82 23
64 89 66 61 80 64 45 51 99 92 88 92 49 88 57 30 66 99 44 28 36 84 22 53
80 50 59 25 37 86 43 79 50 52 24 24 56 20 83 27 90 80 69 48 23 87 69 99
20 30 35 28 47 88 54 68 61 75 89 24 37 56 98 61 23 100 20 39 86 55 86 72