21 12
20
3 13
15 18
10 12
0 6
4 17
6 17
0 15
12 20
5 8
4 9
15 19
3 16
8 17
4 11
5 14
3 5
2 10
10 13
1 16
7 11

58 46 20 77 55 28 68 86 99 31 65 74 94 40 43 60 99 96 38 72 70
20 30 46 86 75 72 83 34 65 87 83 93 20 41 79 22 96 23 32 64 81
97 29 26 41 90 46 95 65 99 76 32 28 34 32 36 28 46 67 54 41 93
34 50 94 77 48 44 34 86 32 84 78 93 28 57 92 69 54 48 43 66 74
23 81 71 63 36 86 26 82 91 54 38 38 35 66 44 26 61 46 43 74 21
27 94 35 78 61 66 29 97 46 74 30 79 73 94 94 75 67 21 32 92 35
39 37 26 44 87 71 52 78 54 49 25 82 53 74 73 68 83 69 23 41 42
47 50 35 68 53 97 26 59 32 98 72 48 43 29 78 45 54 82 22 84 69
73 64 82 98 46 99 84 75 68 83 75 76 64 67 71 35 80 58 85 67 29
58 30 21 70 57 39 82 76 22 99 74 75 58 87 87 83 83 100 46 49 30
35 52 43 31 90 39 72 40 65 21 32 30 86 44 60 67 87 71 93 95 66
44 76 91 51 100 75 60 71 22 88 25 100 59 91 68 41 73 75 79 61 45