35 29
34
4 19
15 14
18 30
17 33
0 27
30 19
24 27
23 3
11 17
27 21
32 26
34 15
1 26
26 19
26 6
28 27
13 31
25 8
23 16
18 5
32 34
24 20
19 10
23 22
28 8
24 12
29 19
11 8
18 13
4 7
0 10
2 6
0 16
24 9
25 54 67 50 20 59 26 71 85 85 40 97 67 41 47 68 51 89 38 33 21 37 43 98 66 31 100 74 30 73 94 65 95 36 35
58 91 39 26 65 37 79 93 75 37 58 95 54 20 96 27 56 28 70 66 89 50 39 32 51 76 90 98 73 20 41 67 69 90 31
47 52 65 64 89 20 60 99 57 92 69 62 45 72 24 97 36 95 76 76 53 50 36 42 59 85 38 47 64 79 77 42 59 26 74
24 79 68 28 87 87 62 39 24 79 35 68 87 38 49 96 23 95 22 73 75 66 49 91 97 24 34 61 62 76 67 31 42 56 59
49 76 42 93 75 99 86 85 60 60 80 34 55 76 42 49 61 40 49 29 73 99 75 74 35 55 29 97 96 23 98 74 30 54 60
75 37 36 47 54 98 93 32 78 82 25 98 51 49 35 22 95 42 62 36 40 20 22 34 43 97 54 57 74 54 87 24 36 40 90
74 59 100 52 59 88 84 21 72 53 51 71 57 71 47 92 48 37 80 70 58 72 46 89 91 42 31 63 55 35 56 96 98 67 100
29 50 39 29 63 83 50 83 93 76 90 93 34 70 78 91 21 79 51 100 43 35 75 56 78 26 64 89 20 52 28 29 90 79 43
51 38 42 24 58 53 80 22 20 67 78 35 33 59 70 92 71 22 56 39 57 24 98 62 24 86 92 70 86 70 44 58 42 42 31
81 55 33 82 100 89 42 60 80 80 94 100 72 74 76 38 63 69 95 55 84 72 62 71 33 76 78 41 52 50 82 66 67 86 87
68 20 50 48 60 77 90 98 25 57 43 27 69 46 52 33 57 91 42 66 33 32 97 83 35 98 40 61 47 87 60 58 84 36 86
81 60 58 44 57 44 75 97 73 72 92 20 94 89 55 29 77 86 75 25 60 90 97 67 58 62 99 23 79 49 93 24 64 60 61
55 59 22 82 94 21 44 63 87 83 31 91 67 75 51 34 40 73 67 86 65 58 43 43 76 30 64 49 86 43 60 48 44 99 65
51 49 46 79 49 40 96 36 95 58 28 89 34 64 76 28 77 67 93 97 70 38 91 92 26 31 43 33 29 37 59 89 36 86 22
74 59 77 75 69 33 63 40 59 87 68 94 25 91 75 96 95 20 72 61 66 28 20 85 40 49 86 22 94 89 70 20 72 65 53
69 68 62 69 64 67 33 37 46 65 100 72 96 72 95 83 67 94 25 80 26 66 56 43 75 82 63 97 23 25 93 31 48 98 100
95 24 31 61 30 45 60 86 54 42 52 48 92 81 48 93 76 98 97 47 36 43 60 58 77 28 44 78 96 68 67 99 94 88 90
55 71 89 85 64 22 98 68 84 37 68 75 75 80 28 58 29 23 71 38 55 48 96 23 62 60 88 90 37 67 77 31 68 47 76
67 54 69 48 58 23 48 43 48 85 38 37 100 51 87 32 83 26 52 57 68 23 51 29 33 82 79 93 92 40 97 44 50 84 43
90 50 47 42 30 37 23 76 36 63 26 49 36 30 64 44 29 65 72 33 91 97 74 75 41 90 54 90 84 49 25 77 25 67 66
40 31 36 34 87 94 47 66 77 43 100 53 22 93 71 80 34 26 57 99 71 32 39 79 26 83 43 71 62 28 40 49 46 72 52
52 83 59 46 27 39 62 69 83 84 32 20 53 53 57 38 31 36 72 86 86 41 88 55 88 67 55 85 75 100 60 34 27 88 81
84 85 21 68 44 37 97 52 23 86 81 73 94 47 38 33 34 42 30 92 78 31 71 78 33 51 69 28 79 76 92 38 68 72 76
33 43 56 93 87 88 84 56 61 52 92 50 69 71 55 62 68 33 44 56 61 84 74 50 70 93 57 24 92 100 52 35 97 31 64
47 77 52 35 94 85 42 93 37 37 52 40 58 40 77 36 55 78 55 99 62 84 61 26 94 22 46 67 79 38 29 57 89 34 40
34 55 35 33 99 40 66 75 99 88 33 54 43 36 93 71 97 30 93 87 30 46 60 33 21 64 26 100 60 61 58 46 86 75 91
25 63 80 67 60 49 35 84 94 56 26 29 25 76 73 20 38 67 43 46 78 33 92 70 39 73 71 28 72 56 71 42 77 94 80
75 86 32 82 46 89 35 62 53 22 83 21 22 86 69 68 51 23 35 99 23 26 26 63 39 71 24 41 47 68 100 62 69 84 55
72 72 65 74 95 39 85 78 93 86 25 56 95 94 69 92 69 77 56 45 45 21 42 59 55 78 44 31 93 85 80 50 88 37 35