28 22
27
9 14
27 3
20 19
21 26
21 25
13 26
18 24
15 10
27 16
26 24
6 24
2 25
3 8
26 12
22 17
15 23
11 1
3 7
12 14
20 26
11 3
5 6
11 4
2 22
11 26
0 4
20 23
97 82 95 20 23 94 29 84 59 86 60 39 25 48 83 34 84 31 48 57 42 69 65 57 32 84 23 66
32 36 78 91 36 50 84 20 66 95 79 54 27 49 60 77 100 63 46 34 25 99 26 33 57 47 72 84
82 22 95 81 78 30 66 37 41 55 35 66 97 51 53 69 45 34 41 64 35 58 72 63 58 22 96 97
81 26 87 36 34 99 29 95 46 100 56 38 58 56 55 81 37 95 99 44 54 50 76 55 98 63 72 92
81 22 81 53 91 50 54 43 48 53 74 68 51 97 80 30 33 55 57 67 94 78 74 34 50 74 32 81
72 43 73 52 31 90 64 100 74 54 39 49 43 28 92 84 58 85 41 36 34 20 93 21 61 76 100 40
33 25 24 52 86 58 91 22 62 100 81 98 31 29 84 62 83 58 56 41 23 57 39 79 69 91 77 64
22 95 21 50 44 22 98 35 22 36 90 63 45 57 52 26 75 26 75 49 29 64 62 98 59 67 39 44
65 76 63 86 91 52 86 69 35 54 62 57 77 73 71 88 25 60 89 96 55 69 57 33 37 100 95 45
70 98 24 43 96 62 26 60 93 74 87 53 75 91 72 70 96 85 68 30 69 77 90 81 88 28 36 53
35 61 88 92 86 57 61 72 51 25 52 27 41 24 86 65 54 38 55 57 76 39 59 37 70 44 95 65
54 45 20 62 81 53 42 59 29 72 58 100 30 33 67 24 79 39 30 41 34 83 87 84 23 30 42 71
97 63 88 54 39 94 57 68 30 37 88 81 57 88 28 63 58 46 23 48 70 30 42 48 73 68 59 66
46 50 42 48 34 46 63 57 56 81 67 96 29 67 75 73 69 97 40 26 28 45 23 69 97 72 83 82
37 45 38 57 38 55 71 95 68 20 98 33 93 81 81 37 35 71 36 26 91 96 47 95 56 51 27 33
43 59 60 44 75 82 44 55 58 64 47 52 85 75 23 69 73 60 44 95 84 26 70 50 36 39 82 36
50 43 72 97 98 62 98 42 89 99 46 53 22 90 88 53 26 27 47 33 24 96 36 89 69 28 76 29
91 85 37 40 24 73 50 40 90 32 57 41 28 43 75 85 65 79 94 99 38 86 60 94 22 47 77 44
60 85 97 36 29 32 22 34 89 71 55 34 34 48 29 37 91 60 61 43 51 87 30 81 22 64 96 54
46 94 56 35 56 100 76 61 59 53 27 62 94 71 22 66 27 36 28 20 54 51 49 51 52 87 43 60
58 77 93 80 41 36 21 63 59 28 59 37 62 46 97 67 84 67 27 50 92 89 47 25 52 81 44 83
36 54 64 84 93 47 40 60 36 75 82 82 94 52 25 87 65 88 98 31 65 27 84 100 67 75 91 81