39 31
38
15 23
21 25
30 13
18 6
10 13
31 0
33 35
29 31
30 38
23 36
27 1
25 22
12 34
20 37
6 26
6 3
27 36
37 23
11 19
28 20
21 32
24 34
31 16
5 0
7 26
9 26
29 8
2 32
12 13
5 35
25 14
23 14
18 17
2 11
18 36
20 4
29 38
15 31
70 48 68 44 23 89 55 88 78 21 74 43 95 73 24 40 98 96 88 81 26 87 86 82 34 25 87 32 79 67 96 30 68 52 78 53 71 79 27
62 41 84 83 42 51 96 85 66 48 70 57 27 49 95 27 63 97 83 40 46 67 25 54 68 64 89 95 37 95 49 46 53 56 86 34 27 48 52
46 76 93 90 97 72 89 66 36 29 51 77 51 37 52 96 23 70 92 41 100 27 97 53 77 59 39 94 78 53 69 33 21 94 56 25 74 97 53
38 53 47 52 42 28 63 54 34 89 47 73 26 86 42 74 81 96 84 47 57 96 80 68 23 68 62 54 67 85 64 20 53 58 46 98 91 58 81
57 90 90 71 20 50 64 86 23 31 78 81 80 60 85 78 67 71 23 28 48 50 24 21 91 89 46 41 34 24 86 87 82 28 21 69 90 60 96
38 59 60 42 24 62 28 46 58 42 35 56 57 27 94 22 20 99 71 83 29 45 45 88 57 99 96 63 85 80 81 20 44 89 21 22 79 57 27
60 20 64 31 96 47 82 49 30 68 31 98 55 62 95 52 48 94 31 88 57 64 36 57 67 46 37 54 53 79 51 45 54 90 76 30 89 23 71
75 48 22 23 50 54 66 75 56 38 91 38 98 90 70 24 24 92 59 37 52 95 99 43 20 59 81 85 79 81 77 75 37 25 93 29 39 56 59
34 98 80 42 67 53 69 22 82 47 82 66 55 100 35 89 32 85 27 45 69 76 49 78 22 48 24 37 80 53 51 59 21 30 92 46 60 36 95
80 46 71 67 95 59 87 100 82 64 56 30 75 82 44 100 60 65 36 31 34 41 48 31 37 27 80 34 69 23 24 81 70 81 31 99 41 76 47
61 96 52 52 67 58 90 36 80 35 64 82 60 99 50 31 55 54 57 31 35 29 84 71 80 93 34 41 63 73 98 89 69 46 82 32 99 87 96
88 24 41 88 37 20 43 60 72 87 67 92 33 40 59 36 90 48 45 92 21 39 85 55 65 59 53 26 60 21 45 27 49 60 99 33 64 85 87
60 83 93 100 61 25 48 89 88 79 78 34 51 71 32 33 46 87 38 51 25 21 21 20 95 58 80 24 41 86 84 27 48 32 50 36 76 21 96
23 58 47 49 38 89 62 44 66 92 100 84 32 50 20 93 48 81 75 55 92 50 96 95 75 42 88 79 52 43 43 71 82 49 97 39 53 87 36
25 37 80 29 80 36 62 20 86 23 62 60 57 28 25 98 24 23 77 96 48 54 26 26 72 76 36 98 58 42 28 36 79 53 74 85 33 66 33
93 64 68 100 24 25 65 74 61 60 73 25 96 60 48 42 43 46 35 90 22 80 70 89 87 90 98 73 67 43 26 25 26 60 21 96 76 26 100
24 71 56 90 64 22 71 58 75 37 60 28 76 68 30 26 46 87 23 76 58 94 51 54 47 74 66 23 63 100 51 26 35 93 82 96 31 78 76
23 71 77 60 79 29 71 69 48 37 92 20 42 28 42 95 87 75 45 35 53 29 77 89 63 72 62 53 64 61 64 34 22 76 76 69 23 70 88
22 52 96 25 71 42 67 31 58 93 93 80 60 81 64 37 32 41 77 33 92 64 94 35 51 97 43 39 48 23 94 51 40 58 24 68 91 53 34
94 93 70 62 68 72 60 36 72 83 84 95 37 34 53 47 87 71 67 55 74 66 51 94 34 39 33 52 93 58 34 52 33 86 38 20 52 54 60
50 58 73 70 45 58 77 53 61 85 80 47 49 86 78 78 82 52 59 85 31 36 33 29 99 52 91 38 53 69 78 29 55 93 72 82 80 58 27
31 85 96 56 29 88 42 38 52 56 83 90 48 39 36 57 29 79 23 83 76 42 51 95 63 82 51 63 34 75 81 52 60 31 97 67 85 70 94
44 100 63 22 26 24 54 84 39 66 47 27 88 85 22 27 69 68 49 91 39 28 52 75 45 39 23 83 31 45 57 20 53 42 99 77 75 36 68
28 54 62 55 28 95 42 66 79 51 65 50 80 28 51 33 90 36 64 91 32 44 22 78 47 74 83 64 78 53 67 89 85 23 51 41 82 62 78
34 37 86 31 68 50 61 42 22 56 61 83 93 38 44 77 49 93 41 65 67 50 44 82 44 83 69 99 97 62 63 91 73 37 92 83 69 84 88
94 94 87 90 61 77 78 63 56 21 82 41 21 70 33 69 70 88 50 94 50 33 36 77 54 66 66 73 33 54 84 72 66 82 80 39 87 98 50
49 61 31 27 30 25 25 84 45 58 38 90 58 71 24 38 63 34 86 27 31 33 58 46 36 26 23 85 58 55 42 73 21 51 90 55 68 70 53
98 50 70 26 36 33 97 48 60 75 92 24 81 31 43 68 81 56 64 42 42 54 32 84 30 70 49 56 73 30 92 98 89 83 58 94 90 33 86
44 66 66 100 57 100 42 44 98 79 57 34 65 78 47 95 93 21 97 32 68 37 20 84 61 65 70 56 48 83 72 56 21 52 81 33 100 32 56
62 22 94 29 26 77 39 35 40 98 21 69 97 94 65 98 91 67 30 54 21 64 20 47 33 93 23 24 72 54 57 95 33 99 85 47 38 85 56
37 40 61 27 55 81 57 85 42 70 89 91 64 35 77 31 64 87 77 45 67 27 75 31 71 61 30 67 23 46 78 56 94 95 80 34 30 81 38