44 24
43
3 35
43 37
1 7
26 22
9 33
1 25
19 0
16 13
34 41
30 17
32 28
2 21
14 12
39 9
28 15
30 20
25 31
1 10
41 20
9 42
13 18
14 9
1 5
1 9
8 22
4 2
36 18
2 5
16 17
14 40
29 38
0 31
24 15
38 43
11 18
3 39
24 2
43 23
21 23
25 27
34 26
6 9
34 28
64 61 66 79 56 30 69 100 67 23 83 90 48 98 32 93 26 36 44 50 49 40 61 96 84 74 87 75 30 87 87 62 100 72 76 94 71 70 30 71 30 68 59 27
47 39 63 33 72 99 61 47 62 94 100 50 25 59 21 79 48 87 55 46 97 23 22 96 61 95 52 26 60 58 35 57 50 30 75 53 80 50 22 80 32 75 84 52
66 100 62 48 73 79 38 57 28 71 22 59 26 28 38 52 86 37 68 45 61 49 98 46 53 78 98 56 90 81 69 94 57 74 53 82 42 99 33 84 31 63 33 26
24 42 45 44 29 93 53 100 37 46 42 85 43 74 53 99 74 23 99 86 25 33 100 87 61 34 56 71 59 99 64 32 59 44 44 78 89 31 93 24 53 29 58 50
50 38 100 62 31 53 20 79 48 34 51 39 36 39 80 68 21 74 64 37 33 80 78 87 46 70 44 40 99 35 85 67 30 93 71 99 98 28 59 81 47 94 26 45
48 88 49 99 86 40 84 38 97 98 67 48 93 36 53 73 53 44 65 73 40 96 21 33 79 69 29 39 66 49 91 84 82 71 77 36 71 78 82 38 85 84 35 53
49 56 23 73 36 95 81 98 26 95 48 89 93 51 52 86 92 33 27 26 48 27 50 49 58 51 57 31 47 86 99 71 26 31 38 78 34 95 46 63 24 43 62 87
45 59 70 35 33 67 31 71 35 47 63 87 25 98 58 63 73 59 60 37 54 22 46 81 58 95 28 34 60 58 51 47 72 51 93 31 35 53 95 99 27 91 60 84
95 63 80 23 68 27 59 67 72 33 58 35 71 82 38 43 56 100 73 40 45 24 31 94 70 27 20 100 81 84 80 98 52 98 39 92 77 47 54 82 75 33 43 81
85 57 88 47 93 89 48 27 92 98 32 48 39 63 64 78 100 29 84 59 73 79 84 30 72 91 43 89 40 83 86 20 65 100 52 60 45 77 65 95 56 76 54 64
24 77 25 89 57 28 88 81 87 41 72 95 96 38 58 47 45 25 50 65 24 93 77 55 21 42 37 58 26 88 85 87 97 95 66 80 35 67 70 34 79 64 99 55
84 82 57 73 59 87 22 27 78 22 88 47 84 38 92 58 50 47 43 93 38 72 40 70 54 37 74 99 91 27 49 48 70 36 63 92 58 52 99 62 88 24 76 90
92 89 27 42 33 69 32 88 77 25 33 36 23 64 56 93 78 80 52 26 78 56 64 49 91 90 44 39 34 42 76 94 20 51 20 56 61 93 24 58 83 28 91 32
54 30 46 83 61 68 60 50 35 65 67 56 36 24 46 37 91 20 59 99 28 34 24 55 23 30 69 38 49 75 89 37 80 91 69 34 75 94 58 74 88 21 81 87
53 70 22 99 34 55 57 96 93 53 80 33 54 38 94 53 78 26 86 59 27 63 23 25 24 80 52 63 74 93 44 75 86 44 45 85 42 98 43 39 64 99 97 25
68 98 66 32 23 40 26 50 31 75 28 65 71 37 20 73 69 87 62 30 59 63 85 49 52 94 99 48 84 90 57 35 49 63 84 26 91 72 86 21 68 33 20 58
75 80 29 35 65 32 27 65 39 61 73 87 61 32 62 30 64 91 85 91 59 63 67 44 30 37 79 23 30 58 59 57 84 97 66 79 71 86 34 77 86 81 70 66
83 49 54 100 91 39 38 23 28 76 22 56 72 66 54 61 66 46 68 80 97 85 28 27 36 100 96 87 33 89 80 82 33 68 64 84 83 28 62 57 63 55 93 65
64 20 22 58 37 28 83 70 52 31 40 62 76 38 53 22 72 98 81 83 74 32 85 84 70 32 83 37 58 51 65 99 36 54 26 29 43 76 53 45 92 35 64 96
86 64 73 61 27 56 51 100 89 28 80 70 47 96 68 95 54 44 31 97 43 36 44 63 62 27 64 55 28 64 68 63 37 65 42 62 72 65 37 93 95 71 68 64
57 82 52 58 29 66 68 94 21 79 67 53 52 57 95 34 86 33 86 60 63 98 72 63 90 89 21 23 37 62 63 92 28 29 68 72 49 24 46 22 92 96 44 92
100 74 81 49 37 84 63 62 74 56 95 48 89 75 96 90 93 87 87 91 66 28 26 76 56 46 23 30 91 34 92 84 75 85 58 42 58 77 65 47 65 53 49 50
87 81 37 55 59 68 82 60 53 28 98 43 72 76 61 95 77 67 53 73 21 32 91 100 29 21 68 62 40 43 87 30 91 66 52 91 68 96 78 53 69 96 77 37
32 66 97 82 91 68 22 59 58 35 58 52 53 88 78 34 37 46 59 95 51 88 38 54 71 93 57 26 65 82 62 33 45 78 38 35 52 48 66 87 29 82 74 76