29 15
28
0 10
0 22
0 26
1 3
1 26
2 11
3 19
3 24
4 11
4 15
5 8
5 14
6 7
6 17
9 17
10 12
13 20
14 18
15 23
15 17
16 17
16 22
18 24
19 20
21 23
25 26
25 28
27 28

0 84
1 46
2 51
3 84
4 77
5 86
6 78
7 76
8 57
9 23
10 31
11 30
12 35
13 75
14 29
15 47
16 94
17 30
18 35
19 76
20 78
21 20
22 41
23 24
24 92
25 63
26 38
27 59
28 44
0 36
1 70
2 44
3 27
4 60
5 53
6 35
7 70
8 59
9 80
10 80
11 42
12 70
13 80
14 58
15 59
16 26
17 89
18 58
19 36
20 55
21 84
22 28
23 34
24 35
25 20
26 45
27 78
28 36
0 23
1 53
2 86
3 62
4 44
5 31
6 46
7 55
8 76
9 87
10 96
11 100
12 34
13 49
14 93
15 47
16 78
17 88
18 52
19 42
20 24
21 77
22 37
23 22
24 55
25 47
26 25
27 80
28 84
0 80
1 33
2 68
3 77
4 45
5 24
6 41
7 97
8 47
9 83
10 66
11 90
12 49
13 87
14 45
15 26
16 50
17 39
18 95
19 34
20 41
21 56
22 42
23 87
24 82
25 57
26 29
27 24
28 98
0 77
1 31
2 84
3 59
4 99
5 75
6 75
7 28
8 96
9 90
10 86
11 95
12 41
13 62
14 24
15 23
16 37
17 81
18 22
19 30
20 46
21 31
22 21
23 69
24 54
25 61
26 81
27 23
28 26
0 84
1 24
2 88
3 91
4 48
5 49
6 36
7 56
8 47
9 47
10 51
11 34
12 38
13 49
14 20
15 75
16 30
17 63
18 77
19 85
20 28
21 28
22 21
23 90
24 23
25 31
26 100
27 36
28 78
0 77
1 27
2 46
3 30
4 54
5 20
6 56
7 40
8 44
9 96
10 48
11 90
12 65
13 77
14 84
15 41
16 49
17 53
18 42
19 98
20 43
21 40
22 37
23 76
24 51
25 99
26 73
27 35
28 55
0 32
1 63
2 52
3 100
4 58
5 67
6 38
7 58
8 67
9 54
10 88
11 69
12 20
13 100
14 35
15 27
16 28
17 85
18 33
19 88
20 27
21 73
22 58
23 88
24 49
25 38
26 71
27 86
28 69
0 42
1 61
2 57
3 81
4 85
5 88
6 34
7 36
8 49
9 39
10 90
11 39
12 57
13 73
14 25
15 26
16 92
17 47
18 36
19 80
20 96
21 94
22 62
23 46
24 93
25 60
26 87
27 94
28 67
0 89
1 77
2 59
3 29
4 72
5 98
6 48
7 21
8 30
9 50
10 87
11 79
12 35
13 87
14 29
15 60
16 83
17 28
18 79
19 78
20 85
21 42
22 54
23 60
24 78
25 59
26 92
27 61
28 34
0 88
1 65
2 79
3 43
4 61
5 68
6 46
7 39
8 93
9 38
10 56
11 93
12 45
13 66
14 22
15 98
16 26
17 40
18 51
19 51
20 81
21 99
22 99
23 66
24 77
25 67
26 53
27 94
28 69
0 90
1 35
2 77
3 35
4 62
5 93
6 58
7 52
8 83
9 25
10 22
11 87
12 27
13 87
14 39
15 25
16 67
17 62
18 67
19 74
20 89
21 89
22 56
23 52
24 87
25 86
26 77
27 71
28 70
0 28
1 29
2 92
3 66
4 78
5 92
6 40
7 87
8 57
9 70
10 27
11 70
12 68
13 74
14 70
15 29
16 32
17 68
18 73
19 52
20 74
21 51
22 40
23 81
24 39
25 74
26 38
27 38
28 26
0 68
1 22
2 39
3 82
4 98
5 84
6 22
7 38
8 24
9 41
10 20
11 96
12 68
13 62
14 22
15 94
16 77
17 64
18 82
19 28
20 24
21 50
22 72
23 55
24 27
25 27
26 97
27 42
28 50
0 95
1 26
2 43
3 61
4 98
5 64
6 94
7 83
8 91
9 70
10 100
11 46
12 83
13 73
14 48
15 72
16 75
17 73
18 33
19 42
20 81
21 70
22 90
23 66
24 25
25 23
26 86
27 25
28 28
