14 13
13
7 13
3 1
0 8
12 0
13 6
13 2
11 3
12 6
0 9
0 3
6 10
4 10
5 10
81 28 31 20 90 71 80 38 33 61 27 35 20 31
24 44 49 95 29 34 20 58 74 48 72 60 71 33
61 100 44 40 56 52 34 38 89 92 75 71 25 83
86 61 89 33 43 29 82 65 24 23 28 56 34 75
82 62 73 97 83 20 72 69 79 33 56 64 58 87
55 87 68 41 59 29 25 23 34 67 92 96 84 75
93 72 73 82 57 79 28 64 31 77 92 35 30 86
34 42 32 40 79 63 29 25 64 65 23 64 94 97
39 21 49 97 60 83 66 99 24 92 71 67 78 94
82 45 82 45 43 97 56 31 60 97 60 80 56 59
67 74 36 29 45 80 87 37 95 53 63 84 92 92
79 66 44 61 21 82 75 24 91 63 47 34 30 43
56 47 53 94 78 94 66 37 63 62 84 69 36 34