39 19
38
10 2
34 2
13 8
10 7
11 5
33 5
22 29
20 8
12 36
25 8
24 11
31 11
14 38
4 18
6 3
22 4
27 26
37 21
25 0
34 16
12 34
38 32
9 14
6 32
28 15
21 38
25 23
4 3
30 35
12 17
33 19
32 19
0 3
15 0
24 7
9 27
32 35
1 8
57 30 76 20 98 46 94 50 47 47 62 39 39 42 81 36 80 30 68 96 73 58 74 61 33 36 58 77 77 20 100 41 78 79 53 92 81 40 80
90 20 59 69 35 72 40 99 95 79 98 87 38 83 95 38 68 38 94 38 81 70 99 26 58 77 60 27 37 46 24 74 63 37 28 95 66 98 61
98 99 80 46 28 66 43 31 69 65 34 22 87 33 65 25 26 86 97 97 66 89 38 100 24 33 23 62 20 74 64 84 65 50 20 66 75 53 70
46 64 54 57 80 64 94 94 51 81 82 35 21 61 65 50 70 92 93 72 71 22 74 63 84 65 95 91 67 30 82 76 82 26 80 86 88 95 51
89 27 69 31 58 59 74 87 70 83 33 93 88 88 99 87 98 94 23 70 47 93 22 85 46 46 73 87 61 57 99 54 49 39 72 73 83 53 21
80 70 76 78 48 68 49 40 67 26 43 60 84 35 22 81 97 51 76 33 89 27 86 75 58 96 30 73 83 54 92 83 77 34 42 86 51 33 23
55 53 30 26 81 39 41 28 79 81 98 89 33 76 86 61 40 70 33 40 21 95 36 33 47 49 82 22 82 42 40 100 73 27 53 37 50 64 99
40 81 61 96 27 60 43 46 85 100 24 46 80 44 41 78 92 32 86 54 50 100 81 92 63 93 69 78 79 60 45 27 27 20 21 71 92 68 51
21 27 71 25 44 51 29 58 73 63 20 92 40 36 64 68 48 73 73 41 26 43 96 33 81 83 75 70 40 92 28 44 66 22 48 63 82 80 35
99 21 83 81 35 90 81 91 32 56 32 62 37 98 50 85 97 84 60 75 75 65 28 45 52 63 21 26 28 80 98 99 96 46 20 72 66 51 52
82 100 56 84 82 51 89 46 100 43 57 96 31 81 87 59 88 86 65 28 59 38 64 82 45 33 96 26 26 87 69 67 62 64 61 49 81 54 53
53 86 34 46 54 69 21 93 99 26 58 71 91 60 22 74 51 97 83 86 27 69 54 48 81 76 67 50 90 36 28 98 20 95 25 68 25 82 22
74 25 96 67 24 39 92 73 40 68 90 71 20 95 92 98 27 45 89 22 42 23 74 54 90 65 92 23 37 89 70 48 46 44 78 66 45 87 44
52 85 23 62 40 91 89 79 55 59 70 76 26 55 23 49 85 60 52 36 73 49 73 68 86 88 86 24 91 34 86 39 30 24 34 59 89 90 53
34 22 70 43 52 69 91 50 93 53 91 90 60 80 94 38 77 41 92 54 95 72 26 26 29 33 96 64 23 72 26 78 48 88 22 89 32 99 60
73 86 93 83 81 67 95 63 32 52 45 39 87 33 59 83 47 84 95 39 65 67 82 79 94 91 48 64 40 95 66 96 78 96 77 68 51 97 83
100 51 98 100 29 87 55 61 76 61 61 63 33 82 98 98 32 34 31 50 41 92 77 50 88 70 74 79 47 86 30 99 88 85 21 88 55 20 75
72 20 41 66 24 56 38 82 80 25 60 38 92 34 35 85 33 28 60 97 48 24 22 73 45 25 68 75 51 32 92 94 85 38 92 43 38 58 77
77 91 71 31 27 66 35 68 34 33 73 34 81 94 82 65 91 53 99 53 58 36 32 72 37 51 47 43 29 64 54 30 36 97 24 22 90 66 70