34 20
33
25 12
0 3
7 33
11 10
7 3
6 20
25 22
23 26
18 22
25 27
4 20
1 14
15 19
4 5
16 33
28 10
15 33
8 14
29 12
23 30
24 10
28 27
2 6
31 33
5 10
9 23
8 32
9 13
11 7
11 17
30 12
21 30
1 31
33 93 47 22 61 85 47 47 65 62 99 89 87 93 61 61 20 88 25 76 75 64 69 34 27 74 41 74 83 63 41 81 34 65
22 36 34 40 88 23 27 49 56 34 47 21 58 98 23 96 53 45 76 84 25 81 37 54 65 36 64 72 52 23 38 53 100 23
76 95 27 29 49 27 36 77 26 42 74 91 74 59 54 20 99 75 31 97 83 83 22 44 27 77 77 54 33 22 72 42 46 60
30 61 69 77 27 66 79 43 88 48 35 45 24 98 63 28 67 100 41 90 35 99 34 46 98 24 63 56 54 65 92 78 72 81
35 25 62 46 32 35 81 44 64 45 72 85 47 100 80 20 21 56 45 62 61 49 67 95 35 25 25 29 31 93 65 92 78 64
85 64 39 40 34 52 53 41 20 45 70 82 98 83 81 52 61 95 49 64 51 93 43 26 31 94 88 40 35 91 34 66 83 86
43 83 70 81 65 45 93 48 43 61 75 57 59 54 42 47 75 97 20 63 52 47 35 43 52 61 31 38 29 38 39 93 55 45
87 57 96 36 21 27 20 65 21 53 81 92 50 57 47 37 35 88 52 95 45 90 34 24 42 70 36 30 22 60 68 96 66 45
43 91 44 47 55 33 21 33 39 74 76 74 37 69 62 54 66 59 96 85 21 32 67 57 27 95 49 81 96 77 72 83 47 38
26 58 60 47 88 97 29 42 44 85 68 38 74 85 23 42 53 68 74 100 62 74 60 36 89 67 63 43 55 30 59 30 45 68
23 65 65 51 39 91 73 59 41 27 83 25 35 62 65 76 90 63 92 49 58 57 38 40 71 76 65 26 39 65 48 91 21 57
68 55 87 85 55 39 89 41 96 61 72 34 47 79 96 43 30 92 34 34 29 35 93 95 88 63 44 85 39 83 32 91 52 49
35 39 55 20 46 89 39 32 27 46 85 76 46 61 89 26 80 100 69 89 98 26 42 48 91 38 91 75 76 69 94 89 24 39
76 24 74 32 78 48 38 72 39 25 51 59 21 21 73 23 26 42 71 73 86 85 56 53 63 69 86 31 64 50 94 90 54 48
31 21 34 41 52 100 54 94 66 84 56 45 23 81 32 21 52 97 50 34 59 37 68 21 29 66 73 32 24 93 58 57 63 62
61 76 98 42 67 90 64 91 49 71 35 20 57 41 43 39 28 93 75 90 32 46 50 97 65 100 32 34 25 86 62 53 70 86
77 56 62 24 43 20 76 26 53 53 27 95 78 79 21 35 50 55 53 81 70 63 66 32 26 60 73 71 84 97 43 73 58 26
74 82 100 77 66 77 45 57 80 57 59 55 63 52 80 88 79 81 64 75 90 26 97 58 62 97 85 29 21 57 53 63 36 71
50 34 68 96 68 67 38 83 81 30 85 36 25 97 45 72 88 83 78 97 33 90 54 57 30 67 56 32 38 43 85 41 26 35
84 80 30 80 35 37 80 93 34 51 89 42 94 66 61 74 99 23 47 64 78 50 72 87 63 62 76 35 96 47 83 27 66 48