41 31
40
8 2
22 27
7 33
13 11
16 6
13 9
5 29
28 12
15 12
20 29
1 25
30 20
13 35
36 37
21 17
24 23
40 6
29 18
36 0
34 18
38 6
19 33
25 14
39 17
39 35
13 31
26 39
21 32
15 11
19 37
39 23
30 27
34 0
35 14
10 2
22 14
1 4
3 18
4 2
38 17
34 71 99 49 29 100 24 45 79 92 43 76 84 63 67 37 23 74 70 25 45 73 89 96 62 83 22 74 74 20 37 29 66 26 97 61 72 28 69 22 60
22 21 43 92 74 27 23 37 63 77 21 90 61 23 82 52 42 32 48 80 39 86 23 41 82 92 56 59 86 80 92 81 70 46 47 91 61 63 43 81 50
20 92 92 58 69 75 97 44 94 74 60 68 48 80 56 33 88 70 57 94 43 36 62 26 54 82 64 74 77 80 42 38 39 22 68 67 95 71 27 38 54
64 77 95 55 66 77 29 42 24 27 64 33 34 53 67 87 22 99 27 96 21 60 53 67 30 41 52 98 31 57 20 98 33 41 65 100 92 50 66 91 43
66 78 43 25 40 63 68 46 42 90 74 41 23 69 79 90 83 32 55 55 26 83 43 88 72 80 52 28 28 43 44 96 71 95 39 31 21 93 31 73 50
95 80 64 88 50 62 70 20 29 82 60 87 86 57 90 63 60 37 69 98 20 91 27 27 25 32 73 94 87 65 46 82 51 79 54 23 74 23 73 63 75
37 30 68 25 72 62 27 60 49 47 30 74 27 27 22 62 45 30 50 85 54 73 56 99 60 99 24 45 64 56 23 38 64 27 45 93 63 93 28 36 48
80 20 98 90 87 31 37 83 61 52 38 92 80 50 76 38 97 95 50 34 79 57 54 96 96 93 44 52 46 89 30 37 64 26 100 51 73 38 89 74 86
98 82 74 74 67 68 51 99 65 28 92 40 53 91 59 58 33 54 86 69 59 55 100 86 85 70 27 53 30 51 82 65 76 45 52 95 61 98 57 58 24
46 58 95 76 98 38 99 32 21 83 20 60 41 86 82 96 78 94 39 88 96 77 63 87 38 83 67 86 71 65 26 40 27 51 64 38 79 60 81 33 52
33 94 54 47 48 90 90 58 72 50 23 21 41 43 51 28 100 87 66 64 84 68 27 86 29 20 61 74 42 84 73 92 34 32 62 54 76 51 98 51 40
82 44 21 100 86 96 66 69 91 45 98 48 53 35 34 81 61 69 52 58 63 44 50 95 61 39 28 43 53 64 60 48 58 29 33 82 47 29 31 38 37
67 43 35 43 92 72 32 55 39 29 43 27 96 25 29 79 70 85 30 41 35 32 32 20 48 48 46 74 74 94 66 65 64 69 62 66 78 87 56 26 59
63 46 28 96 34 26 62 66 68 38 51 84 93 30 33 89 80 74 96 55 96 74 36 92 39 66 97 53 82 49 54 100 26 47 38 72 98 54 23 53 26
47 37 59 79 84 66 88 69 78 70 54 99 77 31 61 84 62 72 95 91 76 49 27 86 59 25 34 78 38 38 48 32 35 79 96 80 45 100 55 90 100
72 65 61 35 77 33 50 25 71 83 81 34 84 39 83 68 34 59 56 58 49 88 42 50 93 58 91 36 57 98 65 22 65 35 37 100 44 45 25 56 95
98 68 43 21 65 26 41 51 61 50 73 89 48 41 37 46 29 44 45 79 22 74 45 83 46 39 89 48 64 84 66 45 39 34 23 89 34 88 76 99 61
85 79 98 54 54 44 93 62 85 31 89 100 92 99 36 26 35 52 65 88 58 50 86 93 56 48 71 72 76 43 51 73 39 35 64 88 89 82 69 72 54
24 54 21 85 32 98 60 33 45 72 92 53 69 56 28 21 81 21 68 78 67 47 85 49 66 62 68 43 88 98 52 89 36 38 40 59 91 87 52 66 66
53 37 37 65 73 94 40 85 95 56 84 95 95 85 42 43 24 60 72 75 42 86 90 55 20 79 23 80 88 92 94 78 77 93 88 65 39 28 33 46 22
56 60 65 67 70 64 39 82 67 50 27 59 33 73 49 26 87 32 73 21 73 46 100 84 67 44 42 63 88 76 53 86 37 33 56 55 32 79 74 88 74
75 45 47 62 65 99 43 60 55 62 86 47 57 99 45 64 26 44 61 52 40 86 44 45 85 94 37 34 92 48 80 41 74 67 69 74 60 59 54 28 87
25 85 35 55 54 50 59 48 43 56 64 63 24 21 51 87 89 45 78 89 57 91 84 32 61 34 28 29 29 79 63 88 45 82 76 56 44 70 54 39 43
71 47 77 43 44 40 81 70 70 64 94 34 53 52 23 97 27 70 86 95 57 74 23 89 76 65 78 70 31 46 50 35 37 61 45 82 65 87 75 67 95
89 58 75 94 43 39 51 36 20 51 83 25 58 45 23 89 76 63 39 22 87 51 91 93 25 97 28 41 50 29 84 50 71 52 22 76 43 45 41 69 68
67 82 22 94 78 98 40 61 45 78 51 47 22 51 94 97 29 22 60 68 90 23 59 22 83 97 61 36 38 24 29 37 51 47 52 68 32 20 35 55 81
85 76 61 47 51 33 91 87 65 77 36 80 94 51 31 86 22 26 73 32 81 77 75 33 66 21 90 21 68 33 76 31 57 74 81 29 21 84 93 76 20
96 28 27 72 21 59 33 55 73 88 53 92 28 86 87 79 70 49 50 75 45 62 37 20 65 85 74 94 66 52 68 33 70 88 43 67 21 47 63 87 98
63 64 79 35 53 89 55 23 71 21 100 81 41 78 100 57 38 33 81 100 79 38 20 99 45 47 29 54 95 72 40 90 44 22 98 53 64 58 31 71 62
76 71 66 91 21 22 96 40 27 51 25 49 40 62 78 77 86 38 50 21 67 96 34 57 72 54 93 59 67 36 59 58 26 75 52 40 48 47 49 88 70
62 54 63 23 92 42 54 34 53 69 63 48 64 96 29 58 91 68 91 87 88 59 89 88 78 73 43 99 30 89 25 22 89 79 51 89 80 97 40 60 72