15 13
14
0 10
0 9
0 14
1 2
1 9
2 4
3 8
3 14
4 6
4 11
5 7
5 11
11 13
12 14

0 43
1 55
2 61
3 39
4 45
5 80
6 55
7 76
8 22
9 41
10 24
11 43
12 55
13 28
14 58
0 61
1 59
2 73
3 75
4 49
5 40
6 57
7 45
8 43
9 32
10 64
11 34
12 30
13 45
14 36
0 100
1 61
2 60
3 65
4 39
5 86
6 50
7 75
8 94
9 35
10 63
11 96
12 86
13 99
14 36
0 89
1 50
2 47
3 31
4 73
5 80
6 51
7 68
8 74
9 80
10 86
11 74
12 43
13 80
14 84
0 21
1 72
2 45
3 99
4 33
5 69
6 80
7 56
8 30
9 37
10 38
11 70
12 35
13 29
14 47
0 55
1 65
2 69
3 38
4 64
5 71
6 27
7 95
8 21
9 74
10 72
11 94
12 25
13 91
14 40
0 73
1 76
2 24
3 37
4 66
5 29
6 40
7 72
8 86
9 83
10 36
11 32
12 69
13 71
14 53
0 49
1 42
2 59
3 84
4 93
5 64
6 24
7 48
8 84
9 21
10 78
11 90
12 89
13 59
14 36
0 46
1 61
2 74
3 90
4 38
5 88
6 90
7 25
8 57
9 38
10 56
11 38
12 74
13 31
14 96
0 37
1 94
2 64
3 28
4 28
5 38
6 53
7 34
8 86
9 64
10 71
11 90
12 76
13 53
14 97
0 62
1 24
2 43
3 20
4 25
5 22
6 34
7 21
8 58
9 61
10 57
11 63
12 92
13 72
14 72
0 61
1 62
2 87
3 27
4 53
5 42
6 66
7 67
8 57
9 80
10 31
11 41
12 58
13 32
14 52
0 81
1 58
2 50
3 88
4 70
5 37
6 66
7 64
8 42
9 25
10 72
11 25
12 65
13 21
14 70
