15 10
14
2 3
12 13
6 8
3 11
13 14
5 10
4 13
0 7
9 11
5 11
1 9
3 8
5 12
0 5
63 90 59 65 33 22 41 64 71 76 50 90 23 97 70
59 36 72 26 32 85 82 38 37 83 29 80 32 71 34
52 46 69 35 33 94 62 96 43 71 41 75 95 88 84
42 85 20 78 99 71 86 44 52 70 30 27 80 35 88
36 32 73 55 34 55 91 67 56 61 95 64 94 94 55
59 63 85 52 77 75 46 20 91 79 32 64 86 48 95
83 52 44 82 85 92 31 52 90 48 64 70 84 23 77
65 64 83 55 24 48 81 48 75 58 79 51 89 63 51
77 67 60 21 31 49 41 60 67 28 92 68 49 82 95
27 26 50 36 58 37 48 94 31 93 68 82 23 61 34