19 14
18
17 0
16 5
17 13
2 14
18 0
9 11
14 10
16 3
7 3
1 4
17 12
13 7
12 4
11 0
8 11
16 15
6 16
2 17
25 94 43 45 28 66 60 23 93 66 23 76 61 36 59 27 92 78 43
47 85 47 75 40 37 83 40 65 54 30 45 82 34 21 68 89 88 32
57 25 25 74 61 77 98 75 48 94 100 96 35 81 66 99 76 92 47
76 35 45 95 86 27 61 78 69 80 87 65 31 37 20 38 24 21 45
81 80 82 98 42 67 33 36 53 54 75 89 89 86 32 27 47 25 32
38 80 47 57 65 63 78 70 54 24 23 93 58 100 78 37 53 63 40
78 24 72 87 61 91 33 20 72 37 56 39 92 28 60 25 83 30 56
67 43 28 52 82 56 88 58 27 70 24 63 44 20 83 91 74 100 41
77 83 66 53 71 24 35 34 28 99 87 40 39 76 65 30 44 52 87
53 48 35 83 90 62 61 81 21 59 89 30 71 33 33 93 99 80 56
72 83 74 59 70 98 62 87 49 79 45 62 62 94 49 66 100 80 24
31 92 56 69 40 84 36 42 27 41 30 98 34 66 44 41 55 65 98
88 44 86 67 92 87 70 30 36 92 34 22 100 79 60 98 22 48 97
47 65 43 31 20 92 55 79 78 59 58 45 39 100 50 32 82 86 40