36 29
35
22 14
5 9
17 0
11 19
35 3
29 22
20 17
15 24
35 30
9 8
5 6
1 5
32 18
20 25
21 32
24 7
11 7
23 19
24 0
21 33
4 30
32 26
31 8
20 22
10 22
16 7
27 34
31 12
2 12
30 22
33 34
25 13
16 28
23 21
2 24
47 29 32 70 78 45 27 69 48 72 55 63 51 28 40 88 69 72 93 49 21 39 75 74 65 49 97 39 24 66 70 43 67 38 85 73
88 50 86 53 61 81 78 67 65 78 68 47 69 27 57 92 93 77 70 26 56 26 66 45 100 31 74 100 86 82 99 65 98 93 34 52
93 69 66 24 86 100 76 49 98 67 82 100 32 99 20 90 55 47 59 99 66 92 52 38 77 46 22 61 84 66 70 84 71 55 90 58
23 26 51 25 72 96 65 85 43 24 69 95 96 72 29 52 85 94 94 74 67 29 94 84 64 63 26 20 32 32 63 64 77 61 88 64
68 30 48 73 49 49 82 49 58 81 50 93 95 34 83 39 97 45 49 71 33 98 29 42 45 96 58 46 92 51 50 47 73 26 42 30
51 76 76 92 91 33 75 62 98 24 75 64 63 68 56 37 39 41 21 74 44 31 87 48 97 55 24 23 24 69 58 39 22 84 30 76
28 24 73 81 44 57 71 67 56 60 55 72 65 57 36 53 81 98 55 25 87 89 92 22 62 39 64 75 51 87 59 89 70 32 70 65
24 33 83 44 42 100 32 44 68 96 20 64 80 24 60 89 35 22 39 58 82 54 83 27 46 66 66 97 58 21 85 74 87 79 66 92
52 36 69 41 28 33 77 56 48 57 69 75 78 81 98 96 66 68 75 51 27 54 43 96 91 93 70 73 86 88 75 64 39 37 67 22
37 47 29 30 48 86 43 31 31 57 47 44 52 39 64 80 74 99 72 89 75 68 47 71 76 87 34 51 22 48 55 31 27 20 37 81
41 100 50 39 56 57 28 37 46 72 21 45 42 90 86 46 32 72 62 54 91 60 59 56 31 100 74 67 31 78 87 87 37 89 62 42
86 61 59 61 59 88 25 80 79 20 70 79 57 56 21 24 93 68 81 22 88 89 63 86 42 62 25 82 91 22 68 36 99 40 20 39
20 50 43 78 51 26 100 45 63 50 95 37 37 51 25 45 47 51 24 81 71 57 71 89 35 56 87 74 55 65 50 46 93 96 84 87
78 72 46 50 74 41 79 50 73 50 64 68 68 91 28 98 90 55 61 95 42 72 80 79 93 65 77 55 85 43 75 81 64 96 79 20
54 41 40 50 51 78 24 96 91 97 33 61 75 99 82 81 40 97 23 78 23 62 59 76 24 73 92 45 27 87 79 78 79 93 75 60
54 69 40 47 28 88 80 43 99 100 94 92 61 69 23 25 95 73 66 23 34 63 67 75 45 35 51 52 62 22 99 49 49 93 22 71
64 90 28 69 69 56 29 28 59 72 26 31 88 28 91 69 26 58 56 91 21 42 43 93 73 63 36 84 55 21 70 69 70 99 48 67
27 63 76 33 22 86 68 64 63 84 99 64 41 48 78 84 25 22 68 33 57 93 70 90 55 97 99 45 64 96 54 69 21 54 54 20
86 33 22 88 51 45 82 67 31 73 90 44 90 50 95 94 74 39 90 52 23 80 68 34 46 74 75 73 69 90 64 64 89 20 20 38
69 55 74 61 45 84 95 47 42 71 48 54 31 61 30 56 80 37 90 46 96 42 74 66 83 30 31 92 32 29 32 77 39 78 47 81
83 37 59 51 80 77 51 99 61 60 55 41 73 67 87 32 21 34 95 55 94 52 98 99 52 49 78 50 23 99 78 97 63 97 89 20
34 31 44 89 53 37 55 80 26 66 43 20 57 23 75 60 83 80 89 83 44 22 84 28 57 66 26 94 70 95 31 74 35 28 65 41
89 57 86 80 53 49 99 59 71 76 56 84 49 49 96 56 92 77 90 37 26 73 82 73 97 54 38 100 92 63 38 91 72 97 83 36
30 51 23 62 98 38 77 84 51 55 49 67 51 37 84 29 76 53 51 30 26 86 45 31 26 47 76 42 78 99 49 66 36 92 73 35
91 59 86 94 67 25 35 27 54 22 40 53 100 48 88 57 69 46 28 27 37 46 95 91 57 79 31 69 96 64 48 85 78 91 86 76
89 53 36 84 28 37 39 74 93 64 71 79 88 81 55 85 45 76 35 91 25 66 52 66 54 74 41 77 31 72 44 74 32 75 71 80
59 98 46 50 85 64 39 92 97 40 77 90 58 20 71 98 52 66 21 90 46 35 83 77 98 38 45 70 99 39 62 65 97 61 85 56
52 67 86 79 50 76 29 75 71 34 49 38 92 98 87 57 49 93 22 81 33 89 63 72 68 61 76 93 40 23 54 28 76 70 35 49
86 74 60 64 49 56 25 76 62 35 85 82 50 39 67 71 56 45 31 100 71 25 32 31 36 75 95 66 77 32 87 49 82 28 28 84