23 22
22
0 12
0 15
1 4
1 7
1 14
1 20
2 15
2 19
3 11
3 16
3 17
3 22
5 11
6 17
8 18
9 20
10 21
12 13
13 20
13 21
18 19
18 22

55 25 52 52 67 52 40 83 34 100 100 57 76 24 71 27 91 99 56 59 88 48 53
94 80 34 82 67 70 56 22 60 89 83 33 42 51 98 23 99 41 30 41 60 41 82
63 54 64 68 77 34 98 42 56 87 79 23 58 86 73 30 34 28 42 63 87 58 84
73 67 38 77 21 92 53 58 87 43 44 74 92 82 61 100 87 43 96 96 22 94 93
30 45 92 92 82 59 42 80 39 55 62 82 89 52 42 36 33 53 51 94 96 89 43
29 96 87 93 47 50 32 76 69 65 39 81 68 44 87 33 58 93 24 79 80 50 42
25 55 73 49 62 24 50 77 86 75 39 70 72 59 55 86 82 21 44 98 54 50 77
77 23 34 57 61 96 86 90 49 93 27 32 77 79 75 94 34 43 41 22 54 63 34
81 39 51 43 89 77 91 41 60 21 98 52 70 38 99 59 48 88 75 48 50 85 42
34 43 91 42 45 83 22 63 75 87 87 75 86 57 22 20 95 82 36 36 90 44 83
48 21 77 96 58 61 24 69 23 80 46 20 99 39 85 74 38 98 32 71 45 74 37
36 44 75 28 41 42 72 65 93 24 99 91 31 87 35 49 51 57 51 99 80 96 47
79 44 92 53 52 76 52 59 79 38 68 29 22 90 60 49 52 38 93 20 43 33 83
74 76 55 75 42 49 81 89 82 95 65 85 85 46 42 95 84 97 45 71 54 63 25
73 40 99 42 96 56 66 83 29 70 79 47 88 28 45 42 45 89 100 81 42 79 60
87 25 48 85 70 40 80 58 71 25 46 92 57 49 23 31 21 82 100 89 26 64 94
62 52 96 41 100 24 46 29 88 37 58 77 63 48 86 53 42 65 97 95 47 73 42
38 91 45 64 33 30 24 27 58 66 38 29 76 55 66 40 85 99 50 75 82 71 83
77 22 58 81 49 45 96 35 60 50 90 47 89 78 29 85 27 30 41 25 86 86 92
20 83 90 82 96 50 59 48 83 31 27 95 99 69 84 32 44 77 80 31 52 70 34
95 100 100 34 67 89 87 98 71 83 84 25 53 34 73 20 21 56 25 56 77 68 63
60 58 64 32 84 75 41 55 94 80 77 52 35 42 84 46 78 48 36 64 63 75 86