33 16
32
23 11
21 5
20 31
1 13
16 12
14 11
21 17
14 4
23 3
32 6
6 3
30 5
31 22
18 31
23 29
20 17
19 11
15 19
8 10
1 16
30 1
22 25
20 2
15 12
7 22
1 24
28 27
9 4
16 26
8 9
27 26
23 0
34 71 75 47 61 28 38 67 71 50 45 37 37 64 22 94 63 36 80 39 33 68 41 57 95 84 27 26 25 95 57 96 41
96 99 84 38 20 53 34 94 30 63 44 23 90 61 42 98 36 66 99 97 72 79 57 52 66 39 24 91 51 35 75 27 49
51 76 38 53 34 26 46 77 20 39 74 28 69 85 85 60 82 57 65 54 38 32 44 69 24 61 56 96 77 37 81 51 49
32 20 24 61 71 28 63 85 75 88 43 88 62 57 88 90 92 87 22 40 38 28 61 44 23 85 89 81 64 95 34 71 86
98 54 94 90 61 96 99 35 50 49 85 29 21 43 29 38 93 32 87 40 78 84 63 38 88 61 35 35 54 86 98 98 70
97 30 22 62 97 62 63 34 31 100 56 50 95 64 87 45 80 30 49 82 88 46 98 45 73 30 48 39 50 79 84 52 27
21 50 89 84 94 77 59 31 46 99 90 74 49 62 21 32 80 81 59 79 64 71 48 89 68 46 41 38 96 71 95 31 58
47 70 22 25 89 87 86 64 99 40 35 73 62 31 42 73 83 25 52 33 94 53 60 95 93 52 32 54 43 25 43 80 43
90 100 89 93 81 28 51 94 82 63 28 27 29 86 64 37 43 78 69 61 66 61 39 83 36 67 26 61 60 99 68 62 78
85 61 97 78 85 70 79 75 57 91 78 59 31 66 45 23 43 73 38 52 62 82 43 59 20 92 37 55 46 22 53 96 27
74 44 60 21 20 44 62 82 20 86 95 59 47 75 27 63 77 92 70 32 36 70 55 41 42 86 75 24 47 95 40 33 94
90 62 73 79 92 62 67 84 49 48 92 44 25 59 95 52 79 47 90 26 48 40 79 87 98 100 61 70 30 88 65 80 57
48 97 65 49 30 88 22 41 41 79 82 29 99 54 95 32 81 75 23 86 70 70 57 53 97 36 59 56 90 50 64 75 72
62 47 64 28 77 100 43 33 38 97 90 30 80 52 42 46 41 54 32 49 94 62 71 71 95 51 31 49 39 33 41 35 57
21 37 98 42 70 61 67 56 26 61 31 74 82 93 20 58 56 85 98 40 75 26 35 76 28 25 51 36 80 26 39 26 68
79 49 84 89 72 26 52 75 22 88 84 28 48 73 77 82 28 90 36 86 55 38 78 60 52 66 51 98 76 56 54 56 53