30 26
29
29 26
26 9
14 23
12 22
12 20
27 2
18 24
18 14
29 13
26 25
6 21
4 2
18 11
20 1
23 19
15 13
7 17
24 25
29 17
8 13
27 14
5 21
12 0
12 29
26 5
10 21
29 16
28 4
3 16
42 55 57 42 38 83 97 23 60 27 23 80 34 89 33 99 88 48 63 38 32 38 95 72 63 62 26 32 48 51
86 22 31 86 40 76 26 76 83 28 33 22 26 95 92 63 25 59 50 49 80 65 94 93 51 73 48 25 24 20
26 39 42 78 89 82 79 99 47 90 43 97 57 26 48 46 75 45 79 58 86 57 53 93 75 38 25 54 67 50
41 72 30 93 59 55 58 21 44 39 36 91 97 78 73 95 75 74 98 54 75 51 36 73 53 52 84 28 61 98
25 21 36 86 43 55 26 29 33 77 72 45 85 24 24 86 38 49 26 22 99 36 75 97 47 54 49 81 69 53
83 76 27 46 32 71 94 77 24 76 43 21 68 69 41 69 33 70 20 41 21 49 95 34 26 58 57 98 68 78
77 43 48 77 43 94 97 48 23 30 85 48 77 28 45 86 54 80 51 31 45 59 74 74 91 36 100 83 49 21
25 29 61 47 82 39 66 92 82 75 70 36 42 65 38 40 73 40 47 92 88 98 79 34 43 66 76 37 76 60
75 71 76 34 97 68 85 35 45 50 68 75 46 36 96 62 44 77 59 36 90 37 47 59 29 25 29 50 84 42
59 25 47 77 47 36 40 57 57 45 25 99 70 71 56 63 81 73 68 30 80 43 83 20 70 82 97 54 67 76
27 43 87 54 26 39 52 93 66 76 68 65 95 27 61 56 51 50 84 78 35 80 62 83 74 79 42 73 96 69
31 59 46 45 45 92 54 64 65 50 59 30 87 61 84 57 63 74 28 96 60 93 42 24 74 34 60 47 58 87
85 72 65 75 97 53 36 61 37 40 63 71 20 84 42 23 42 50 24 62 75 94 93 78 35 59 36 74 100 30
69 41 75 46 71 28 85 23 50 70 64 55 38 100 22 77 71 49 66 77 50 40 83 53 48 29 41 87 23 60
20 35 89 78 58 88 22 83 46 50 98 36 33 93 79 92 39 24 30 32 92 23 60 64 97 71 42 95 60 86
67 100 82 44 85 65 72 37 100 60 97 71 92 76 49 45 89 82 27 88 75 56 44 65 35 20 22 95 49 74
81 93 43 71 95 30 100 81 98 63 31 58 48 64 55 84 78 65 67 25 99 73 97 49 62 70 53 36 78 94
83 74 82 70 37 94 35 33 74 78 48 28 80 78 30 91 83 53 83 32 43 34 21 34 79 88 30 45 54 79
48 37 49 53 33 39 91 98 58 52 34 40 63 96 41 75 22 67 43 66 42 33 41 81 29 45 96 50 69 28
69 36 76 83 63 39 88 82 87 51 78 31 64 21 51 45 73 22 73 48 35 31 79 91 45 48 85 22 59 89
27 39 48 87 58 58 36 97 23 35 90 67 32 21 55 33 26 72 74 41 59 96 32 53 71 99 23 86 29 60
84 50 58 48 81 89 42 75 60 65 30 54 37 91 46 67 85 33 67 25 96 47 60 31 21 25 47 77 74 46
36 72 92 54 75 65 92 54 55 52 25 59 29 82 68 77 85 76 41 46 38 25 35 93 65 97 91 91 48 20
42 56 97 56 84 82 81 87 42 85 70 86 34 63 82 22 21 74 87 82 98 84 92 52 68 33 71 66 67 49
54 29 78 79 81 44 56 72 71 55 66 34 82 20 57 87 68 35 84 51 41 95 100 29 30 37 64 63 88 44
94 77 65 52 64 65 94 63 27 78 69 96 87 68 68 40 74 65 21 97 51 31 68 52 70 86 69 52 64 24