44 43
43
9 20
30 4
15 1
34 35
3 35
34 12
29 23
37 1
40 13
15 5
39 29
9 18
27 29
28 38
22 6
3 24
8 0
19 33
36 33
14 42
34 28
16 11
14 21
16 2
31 40
22 33
28 15
32 42
22 25
9 21
34 10
4 6
9 16
14 26
8 11
7 11
3 17
23 38
22 14
5 11
36 41
43 29
23 13
75 35 71 54 47 82 74 92 24 47 49 27 76 74 75 29 80 59 31 55 44 57 96 55 55 33 73 53 83 63 26 72 22 65 32 58 85 36 66 44 56 92 32 31
21 45 67 81 82 44 40 38 25 82 85 36 36 27 20 35 89 93 96 54 94 71 34 61 79 30 47 37 94 45 43 42 56 27 24 72 93 55 44 36 90 35 35 100
32 32 36 42 73 75 88 67 41 97 48 76 78 80 21 41 81 38 35 76 95 60 56 85 94 93 59 71 40 22 68 44 32 64 74 26 81 32 71 90 100 42 73 85
90 23 47 90 34 53 57 94 87 34 60 95 52 73 72 52 83 44 46 29 54 44 35 36 100 46 44 85 33 29 28 51 86 77 87 26 73 50 67 67 64 95 98 32
28 62 71 33 45 67 23 34 90 20 77 61 70 40 60 60 43 40 69 66 47 39 61 38 48 24 99 28 51 84 38 46 80 78 71 43 34 77 95 95 22 23 25 26
62 83 23 91 31 77 26 87 94 59 45 85 50 94 45 98 83 82 31 56 79 97 79 100 82 75 59 53 45 47 96 55 91 46 36 39 92 35 99 88 73 95 94 44
36 78 66 53 88 100 83 68 97 29 85 42 70 32 56 39 49 31 50 61 32 74 100 53 58 90 90 77 78 88 42 53 92 79 37 95 48 71 48 20 20 85 81 56
39 94 79 33 81 24 29 41 100 91 77 82 39 78 80 49 44 56 45 100 29 70 53 54 93 33 41 36 93 42 94 36 80 39 85 41 54 85 89 23 99 93 27 96
88 74 98 92 94 47 96 39 74 80 60 86 56 58 49 57 34 96 78 89 49 58 90 91 25 100 61 90 86 93 26 99 42 92 67 79 62 47 33 71 85 43 73 39
22 84 42 35 24 99 59 24 67 55 94 31 38 49 36 27 26 38 87 85 34 77 48 97 22 41 43 34 79 24 34 75 75 82 52 24 22 75 45 27 27 32 28 94
92 41 53 72 64 54 83 59 68 27 93 23 44 90 56 92 97 96 35 96 83 44 96 23 82 57 42 72 43 46 45 79 28 91 46 20 25 44 73 49 58 45 78 57
70 83 26 52 54 77 33 86 58 94 53 55 97 61 29 46 85 89 47 47 32 85 98 22 24 30 53 92 60 38 99 24 37 72 65 51 30 53 57 55 56 87 87 27
62 28 73 64 42 54 48 41 59 74 30 41 65 66 29 93 71 49 67 32 53 37 76 40 84 84 80 33 78 95 85 63 22 93 34 25 57 24 40 95 93 96 24 33
20 80 59 38 76 67 68 52 36 87 75 81 55 45 30 80 64 69 65 91 29 78 55 75 52 83 54 65 66 29 96 37 74 31 70 37 51 77 39 39 53 54 33 60
93 34 92 74 45 83 58 92 32 70 33 70 78 97 87 47 86 63 38 37 49 31 42 46 65 47 81 23 73 30 63 51 95 75 53 90 20 24 65 56 81 97 33 71
53 28 52 84 70 59 34 45 83 85 51 58 43 41 69 57 49 45 68 99 100 32 39 29 61 44 83 95 46 73 22 77 31 97 99 59 59 58 76 65 83 38 76 58
84 24 96 59 56 64 20 66 86 78 68 24 43 20 47 47 37 66 92 34 90 36 78 52 86 54 57 27 37 84 75 67 49 54 36 39 24 67 90 78 95 69 93 79
76 85 67 77 51 32 73 71 82 43 63 48 47 57 89 28 71 69 70 47 60 59 90 64 21 59 68 61 37 74 84 84 89 24 89 44 73 45 29 85 64 91 26 92
54 70 59 96 86 43 64 26 78 91 95 68 71 82 73 65 26 90 79 66 94 56 35 76 35 43 73 23 80 86 23 59 57 56 37 55 82 36 20 24 81 25 86 92
63 74 82 85 21 77 66 90 92 91 75 38 96 22 69 44 30 81 93 90 95 55 65 62 54 96 71 89 42 27 82 41 40 70 45 29 58 85 84 77 59 32 56 68
54 76 48 48 29 65 38 40 59 70 41 26 89 70 59 66 52 24 56 92 89 32 99 84 83 100 33 79 36 34 58 62 83 71 87 47 56 69 89 65 90 93 95 69
32 79 37 61 99 60 63 52 57 48 39 44 28 52 78 95 29 47 81 74 82 95 93 47 26 32 29 66 95 96 67 58 99 35 88 54 51 42 75 87 35 29 97 42
50 54 73 77 58 97 87 72 92 70 92 33 96 67 59 49 100 84 38 33 49 84 64 23 58 63 90 78 82 80 71 36 36 56 64 24 59 41 70 85 88 38 22 39
25 24 61 87 90 100 23 47 41 36 20 20 72 97 70 69 77 76 73 68 26 61 44 95 31 69 40 45 84 64 63 46 86 20 34 36 92 59 63 98 36 100 41 86
35 66 94 96 99 71 90 60 97 83 42 64 71 88 100 93 51 84 66 65 40 45 48 32 30 58 82 46 91 29 76 54 45 82 63 79 67 36 35 98 83 97 41 26
72 23 54 71 66 26 21 62 90 87 38 67 92 83 47 70 60 79 65 31 70 60 62 57 33 87 57 68 88 66 100 90 98 73 69 68 23 20 67 66 85 98 84 42
76 71 56 61 67 61 60 39 67 65 74 40 79 69 31 68 32 43 67 99 60 66 66 89 61 45 29 63 33 97 29 69 47 99 72 79 93 95 96 25 85 44 23 85
50 48 97 57 92 47 36 32 53 41 70 79 48 62 56 25 33 40 31 90 96 56 38 47 91 32 71 84 54 97 68 69 43 100 73 72 92 39 82 30 57 42 82 83
62 25 68 93 86 100 88 64 20 91 80 39 69 32 30 91 30 87 21 96 94 56 50 50 49 36 64 80 45 75 30 50 38 72 74 28 26 91 64 66 36 23 50 28
87 92 51 67 28 20 88 78 32 94 91 55 63 86 29 55 34 43 37 95 66 97 21 74 86 93 90 100 35 86 80 26 92 74 88 21 24 40 68 96 47 76 33 63
43 96 88 75 24 47 64 49 31 51 55 26 68 89 45 69 42 83 66 50 78 31 35 96 49 34 61 93 48 51 47 73 82 88 26 47 92 28 30 73 72 65 51 76
20 58 55 42 87 46 24 41 21 65 96 64 23 84 20 36 54 86 68 89 68 70 51 26 22 49 65 62 82 44 70 61 76 90 29 49 52 45 41 34 39 64 63 67
86 34 31 98 92 71 91 68 73 95 36 28 89 77 78 48 90 72 72 33 100 52 25 58 39 97 37 60 89 55 65 46 23 44 22 31 30 21 100 52 36 42 98 21
22 28 28 81 54 32 91 28 55 99 83 68 34 93 24 31 57 24 38 67 31 37 22 99 92 58 81 21 95 20 20 86 30 88 52 58 83 89 47 85 33 40 38 94
69 94 66 73 86 58 39 83 93 21 90 30 86 97 69 20 76 81 22 42 21 66 86 32 59 88 85 43 58 33 30 32 94 39 33 74 44 80 53 96 45 28 59 94
65 67 75 98 48 43 61 85 52 89 44 90 46 27 99 40 53 57 42 97 47 72 84 85 30 27 90 46 57 52 92 70 45 38 82 45 25 85 87 60 32 91 46 46
85 100 59 26 96 94 26 32 59 70 25 45 41 93 77 88 81 79 50 85 84 59 52 35 62 83 46 53 82 99 25 84 52 58 70 64 68 59 46 49 88 72 28 62
41 65 35 45 69 44 24 83 79 38 93 59 97 93 55 47 33 48 26 83 58 56 42 82 32 67 88 82 96 32 37 53 27 97 24 21 20 33 100 36 64 49 68 31
58 77 64 77 85 26 90 29 71 42 23 24 21 99 87 64 30 36 70 23 73 33 35 36 91 37 64 23 87 78 32 73 30 90 42 64 78 26 80 65 42 42 20 95
50 57 77 87 32 30 26 59 36 44 84 47 42 77 92 44 57 62 71 79 26 90 47 76 51 46 70 80 37 82 84 67 58 79 82 33 45 63 86 55 79 20 31 23
71 98 47 59 43 29 79 89 88 29 95 82 23 84 98 69 31 40 92 71 95 90 48 54 34 92 69 100 53 98 43 58 65 55 57 82 70 42 96 97 56 24 35 52
46 56 86 78 74 99 88 74 66 94 69 31 89 45 31 67 100 58 44 21 86 27 64 47 41 56 73 41 73 45 87 37 54 68 66 60 100 46 31 53 96 93 42 49
71 89 71 100 97 33 68 96 98 71 59 30 90 77 37 29 50 59 93 70 74 57 70 53 97 43 22 20 95 29 94 31 65 25 39 100 89 21 95 77 29 28 47 81