33 18
32
14 21
29 27
25 19
13 24
17 19
31 12
26 3
11 9
1 22
32 2
8 25
16 1
17 32
27 0
16 14
18 25
17 5
31 27
10 28
10 14
13 21
29 5
13 30
28 3
24 7
20 27
6 25
15 4
29 11
14 23
8 28
11 4
44 34 71 57 91 67 21 97 49 68 88 36 89 25 84 30 92 78 74 46 26 100 46 85 40 54 44 64 29 62 81 48 77
54 46 63 37 71 87 21 100 65 67 60 20 95 33 67 20 55 43 48 64 27 37 58 33 54 45 26 21 48 71 32 92 48
75 28 53 80 91 45 44 29 76 98 78 85 63 91 66 62 99 39 67 63 97 61 75 95 63 100 39 67 30 58 30 63 48
72 100 85 44 100 97 56 39 29 24 25 46 23 68 29 100 81 63 21 59 61 33 64 67 89 29 70 58 82 26 74 20 81
89 83 77 44 78 54 52 63 64 74 27 51 36 26 35 33 61 26 89 98 47 43 47 85 90 93 42 66 99 70 21 83 48
99 28 27 85 93 49 25 91 81 20 70 47 52 88 28 80 76 85 79 100 22 89 88 91 38 25 33 41 81 100 26 61 36
93 61 98 83 73 51 66 38 70 92 25 24 82 85 79 63 82 77 85 86 86 53 45 95 71 89 97 59 26 24 41 94 68
81 38 26 50 23 42 74 31 96 60 49 75 91 89 47 42 33 50 88 72 61 73 40 72 36 96 81 30 35 48 79 100 22
46 67 76 69 93 93 52 50 65 94 66 25 100 82 34 56 80 44 40 40 48 67 87 65 35 82 72 49 70 53 92 82 74
78 77 50 84 31 24 40 86 55 44 73 50 82 75 74 44 58 71 64 93 86 22 77 24 58 41 78 61 52 44 78 36 95
62 54 35 36 43 79 73 63 26 65 42 74 35 86 28 46 22 78 64 45 36 75 57 87 64 26 92 26 75 42 92 100 99
94 90 57 28 46 78 90 74 68 86 62 100 63 24 84 25 48 51 87 25 78 32 31 90 92 20 31 82 39 30 88 64 54
45 57 86 94 65 91 44 63 70 78 57 32 43 67 47 78 80 100 21 67 44 56 73 45 85 46 77 94 38 59 26 25 22
21 54 50 77 25 84 61 84 97 76 57 98 48 42 93 23 66 79 26 80 59 86 28 45 94 61 47 90 47 42 68 84 30
65 89 69 36 65 100 31 33 57 24 27 36 30 32 54 97 59 68 80 92 82 52 68 48 23 68 99 54 82 84 32 32 61
84 37 71 65 79 55 33 67 63 79 73 80 88 90 26 90 55 35 64 50 40 36 89 69 45 54 35 47 68 65 31 69 92
41 68 75 61 81 76 99 91 34 49 28 55 25 57 24 80 54 40 78 84 87 21 79 71 24 65 35 60 52 80 60 21 46
100 83 95 85 45 84 25 78 88 26 25 55 44 53 99 97 38 37 79 38 53 36 74 55 95 27 96 22 95 60 21 36 22