28 21
27
21 2
16 17
7 16
7 18
22 20
13 5
10 11
3 6
19 6
14 15
27 18
1 16
21 4
23 24
3 5
12 23
19 10
13 24
4 20
9 14
16 23
26 23
19 25
27 9
1 22
10 8
7 0
28 89 63 52 54 61 36 76 81 86 29 67 39 43 44 53 76 40 34 97 59 93 32 71 45 92 73 48
48 40 62 60 28 65 31 44 74 23 22 72 44 51 29 47 63 80 51 24 45 92 73 45 32 59 24 30
36 100 61 79 75 65 37 97 95 45 24 67 20 41 84 78 46 44 41 22 79 26 89 70 91 95 37 70
56 92 54 74 77 33 80 45 88 44 90 100 31 91 94 76 42 53 76 59 50 66 85 71 86 99 96 21
88 61 83 64 48 100 93 52 80 31 94 98 91 58 73 59 93 20 69 40 25 56 79 71 98 40 85 44
37 47 42 61 95 93 55 77 72 73 84 84 42 39 30 66 42 69 75 65 34 67 89 40 63 93 27 91
60 93 63 59 67 36 76 71 64 21 81 70 90 78 33 58 55 90 61 27 41 22 85 48 82 32 57 60
95 31 65 79 26 41 80 39 64 20 41 71 68 94 65 42 32 59 52 33 39 41 53 42 83 90 63 61
91 84 93 24 32 71 25 83 54 36 36 89 42 59 82 50 29 49 92 36 99 47 68 22 29 71 29 35
59 23 100 68 80 25 50 80 69 83 32 46 30 76 39 31 67 44 21 65 96 37 48 53 40 43 34 61
23 37 55 26 42 87 29 82 96 46 73 47 39 78 57 65 72 28 73 76 85 61 85 45 37 94 76 66
50 95 82 97 51 55 99 27 30 48 36 35 50 57 46 48 73 90 64 54 51 63 95 75 74 29 79 87
20 25 55 93 65 33 56 81 21 23 47 87 57 58 27 64 53 80 71 32 58 72 26 49 44 47 35 38
78 83 45 32 43 68 25 94 86 95 31 43 33 41 94 91 48 52 90 59 91 54 64 36 61 38 91 91
35 39 37 55 62 87 91 24 49 70 63 34 36 36 66 37 62 20 94 94 43 73 63 76 65 77 39 33
50 82 86 80 47 67 92 38 62 38 90 25 35 38 95 100 30 54 21 63 43 43 52 45 52 22 57 44
56 75 59 93 20 97 96 86 58 67 23 20 48 49 40 97 58 24 30 41 45 43 83 70 76 81 42 51
63 61 47 82 51 31 58 73 53 50 88 28 54 26 69 55 26 59 31 43 35 51 83 95 77 48 41 60
92 28 93 29 100 26 48 23 71 75 21 76 85 39 83 78 80 52 26 50 63 63 81 83 72 67 64 93
96 43 39 56 59 24 92 56 43 32 58 100 82 38 71 38 22 62 60 32 26 24 37 84 54 34 26 26
45 25 23 91 78 35 64 91 84 78 63 32 95 98 40 94 62 38 34 45 83 100 90 87 93 51 48 59