47 42
46
6 15
35 36
33 22
8 23
35 25
30 26
38 20
12 19
34 42
21 19
11 42
2 25
24 46
26 17
35 22
14 13
9 5
10 17
2 15
38 34
29 30
16 2
45 32
14 44
9 0
28 21
21 31
33 17
4 37
3 34
3 41
33 4
40 0
24 0
0 26
7 25
38 32
43 35
38 27
39 44
18 40
33 28
44 37
23 17
6 42
1 21
81 29 71 28 95 68 36 99 48 87 73 39 36 77 36 71 30 56 78 50 39 25 25 57 31 32 34 54 37 88 83 36 86 54 82 52 30 89 95 83 65 20 99 71 50 94 59
96 31 100 63 39 23 93 97 99 22 69 72 54 74 67 39 39 31 37 31 91 32 93 98 84 71 22 92 82 21 74 94 90 34 91 25 27 69 72 23 25 99 25 83 62 75 47
76 37 95 87 23 35 94 73 75 34 80 39 62 89 20 72 54 40 54 81 34 28 55 44 36 76 75 98 28 75 79 97 81 34 95 22 20 83 98 90 50 63 84 46 51 56 70
87 54 35 79 94 64 48 46 59 47 51 21 24 74 79 87 28 68 92 88 21 43 46 44 41 51 41 62 98 100 25 44 62 35 93 60 26 46 95 83 32 58 84 60 95 27 37
75 57 38 45 79 28 27 50 97 23 22 22 86 90 89 42 79 51 78 36 52 49 46 87 90 30 73 93 84 89 73 38 72 65 54 66 85 35 22 90 72 49 43 56 83 74 25
34 49 49 24 36 65 44 50 35 78 51 90 73 88 88 98 52 38 70 93 99 23 70 95 65 20 81 38 22 85 86 30 86 24 79 78 46 81 54 87 41 87 31 20 64 55 36
26 30 25 50 58 80 89 20 94 97 29 46 76 83 24 31 81 63 61 74 100 95 66 60 57 21 98 41 53 71 66 49 31 21 41 99 29 59 86 24 91 41 32 99 39 81 38
26 48 35 84 56 88 99 35 32 91 34 75 93 51 66 67 46 48 82 89 93 64 92 33 22 33 68 96 95 89 90 43 41 99 69 53 31 84 58 52 76 36 51 46 77 24 36
57 84 33 35 29 42 60 89 74 32 66 51 76 36 34 28 37 69 100 48 84 57 43 86 85 76 23 82 39 48 26 61 92 63 20 64 31 61 90 29 100 54 30 87 53 68 44
42 71 93 98 26 88 99 75 72 26 22 23 60 63 89 62 91 40 90 73 57 56 73 34 96 87 30 89 55 56 73 53 47 26 93 21 47 71 68 63 39 52 55 100 42 46 92
72 88 82 93 78 79 79 58 94 61 76 27 64 69 54 87 25 96 69 24 27 64 76 70 27 72 76 35 81 30 92 36 46 67 63 55 40 91 100 31 78 85 94 28 46 50 99
52 21 54 24 99 42 26 91 31 63 33 94 25 80 56 52 39 100 91 40 42 71 34 40 81 42 30 24 31 31 43 65 59 31 72 69 94 100 40 25 48 21 49 45 51 30 66
24 98 100 79 29 28 56 26 63 51 30 39 55 71 99 79 88 73 47 70 99 74 89 53 87 30 25 71 43 98 25 20 56 54 87 54 63 96 39 50 69 95 63 66 62 67 98
86 96 65 71 33 100 67 33 46 100 66 35 39 59 27 32 71 99 37 43 92 44 98 61 71 50 30 41 63 80 62 54 28 44 30 24 31 60 82 27 37 49 54 78 82 54 93
91 38 28 35 73 80 43 42 99 22 38 95 28 60 66 65 86 44 25 74 87 21 70 44 41 20 31 30 27 37 93 28 97 82 56 91 97 37 80 33 35 86 77 40 49 59 52
37 50 27 46 36 62 82 52 52 63 72 37 30 23 21 62 30 48 83 40 58 92 41 97 54 28 81 68 67 61 56 32 81 50 34 52 67 98 62 28 22 95 90 28 69 89 22
49 71 68 96 100 34 67 97 48 70 47 32 74 31 67 52 80 89 30 82 22 75 45 77 40 95 27 88 66 90 82 23 74 89 40 35 25 61 94 73 95 92 96 59 39 50 61
47 93 64 42 37 85 31 54 67 36 73 44 91 64 93 67 77 51 52 57 24 95 32 69 99 44 83 42 97 100 74 56 100 28 48 26 52 26 100 54 85 57 79 51 22 64 30
97 97 97 68 45 47 44 20 64 63 21 26 26 26 100 21 50 79 92 24 49 70 37 30 49 93 80 63 71 67 48 49 74 86 95 65 87 26 85 51 69 43 50 79 22 35 70
23 60 57 63 69 90 57 26 99 29 92 23 51 41 51 56 87 24 21 93 63 57 53 52 40 21 39 87 34 67 59 21 40 50 32 64 50 79 68 62 79 66 78 57 45 54 72
69 63 31 56 55 20 34 36 65 26 69 82 74 27 52 61 40 97 74 30 45 79 44 98 59 65 64 49 58 46 26 22 60 38 29 64 27 98 73 58 45 21 58 36 38 32 66
43 62 91 35 75 46 88 50 79 60 30 73 26 87 67 96 49 91 83 73 39 99 36 48 57 70 64 40 31 30 93 58 52 51 24 78 58 58 83 68 63 68 91 91 91 64 81
54 81 88 61 53 44 62 39 58 27 36 95 46 77 23 31 41 53 75 77 70 69 64 68 56 43 86 78 91 42 44 50 82 75 94 59 72 97 60 59 25 33 55 47 66 49 96
22 22 85 79 64 33 62 76 34 87 61 75 50 39 39 59 51 81 36 33 91 89 81 60 42 64 27 72 61 36 68 59 65 89 88 38 45 79 90 68 100 35 38 45 96 66 46
66 30 38 57 33 21 89 40 97 22 43 71 81 97 54 76 36 48 36 29 46 32 40 84 76 45 30 87 39 27 88 75 66 55 29 74 55 59 48 82 49 76 21 24 72 40 91
82 36 57 42 95 38 25 47 77 57 60 41 31 31 23 94 80 47 55 35 76 61 70 70 73 57 66 65 31 74 72 40 29 74 63 40 29 85 90 29 91 84 35 37 90 46 31
83 26 92 99 35 28 64 61 82 40 29 80 98 25 79 49 43 35 70 100 21 21 32 21 85 45 48 85 60 24 37 51 63 42 49 69 65 25 85 21 44 32 34 20 78 36 25
20 52 35 54 31 45 89 68 41 42 21 47 46 92 33 23 44 67 77 60 64 32 80 62 94 40 27 30 95 49 50 41 78 37 79 23 50 82 66 36 88 31 78 41 48 95 73
72 99 62 38 58 87 64 23 73 87 62 94 63 96 27 31 41 43 92 63 60 43 62 58 78 28 69 38 57 84 46 88 76 73 46 58 52 53 96 21 48 51 37 79 80 50 73
94 56 93 34 75 22 74 93 42 27 29 95 82 93 85 82 99 82 100 61 99 89 69 53 69 78 97 46 93 79 51 22 25 67 88 86 52 93 73 44 26 36 64 72 23 80 80
65 49 46 75 38 36 59 98 87 78 93 35 62 62 36 79 66 41 73 64 31 91 38 44 67 31 69 33 85 61 30 54 84 42 61 51 69 97 71 84 54 47 94 80 40 70 72
62 83 95 42 97 26 44 72 87 29 67 65 98 69 35 64 79 73 53 24 58 91 46 20 53 87 56 81 66 66 88 42 51 51 35 28 58 92 26 44 55 90 85 98 42 25 78
43 28 50 33 63 40 81 56 86 24 44 69 97 75 47 45 60 55 93 62 67 76 44 22 84 96 66 45 80 28 48 93 60 100 38 44 79 37 84 60 37 48 22 22 70 44 23
83 65 29 65 84 40 44 83 32 67 81 44 77 96 53 96 65 97 82 33 70 72 59 55 60 28 31 49 78 35 33 25 78 78 53 58 48 31 36 57 66 76 92 84 46 25 90
42 100 46 44 51 59 22 69 61 38 67 24 98 42 31 22 41 35 73 24 37 54 39 26 94 90 33 85 94 22 31 64 80 23 65 75 100 71 76 82 35 69 50 47 62 91 92
23 50 61 74 78 74 41 27 85 77 82 69 29 25 32 49 41 42 30 89 69 41 71 65 48 90 73 57 61 80 39 58 91 58 89 39 72 72 69 24 91 80 90 52 99 87 28
72 62 21 75 85 86 83 56 53 87 23 45 82 75 56 28 94 79 45 30 94 94 77 36 79 33 27 27 100 50 49 92 63 97 95 91 55 55 68 86 35 55 21 31 69 77 79
40 28 26 96 54 41 22 90 80 26 91 21 90 27 42 87 37 82 35 89 75 62 76 76 44 47 94 52 24 74 50 97 39 50 65 50 84 80 69 78 35 46 33 21 20 69 74
71 69 56 55 85 36 32 21 21 78 56 85 46 77 56 27 41 94 69 21 100 21 81 78 100 60 37 48 100 85 23 50 21 54 98 74 36 62 81 81 88 33 30 70 27 99 89
52 92 78 29 71 81 82 57 41 98 77 67 40 77 90 74 49 25 26 30 56 100 25 100 45 93 38 99 70 50 70 23 25 31 64 48 87 98 42 54 41 71 97 47 94 56 67
24 100 21 53 96 77 39 90 33 55 87 65 69 43 97 97 50 74 38 89 69 51 86 93 46 79 26 81 70 32 62 24 79 51 64 44 59 27 79 28 33 48 90 61 98 87 51
75 56 80 95 71 32 73 81 23 86 53 69 26 84 23 27 35 75 20 94 31 45 54 78 73 20 58 81 24 84 44 94 21 20 87 58 55 25 52 82 80 32 93 41 98 74 32