40 25
39
21 5
9 4
7 35
30 35
22 1
19 13
2 8
14 17
21 1
27 7
34 28
16 7
33 12
11 35
31 7
16 20
24 38
12 20
0 4
17 28
27 26
10 37
24 20
10 8
15 18
8 39
25 15
3 20
24 18
25 29
20 28
15 32
14 22
21 37
34 36
0 23
4 36
19 22
6 32
31 94 96 55 46 70 85 21 56 94 60 77 40 66 86 51 51 54 37 76 47 34 81 45 89 82 25 36 92 48 90 97 83 65 39 70 92 82 43 44
63 100 33 39 31 40 61 52 24 56 71 86 30 37 51 58 46 70 87 27 66 78 71 89 52 98 67 47 75 95 84 95 85 52 36 91 21 51 60 62
80 81 98 55 42 54 72 45 23 86 68 35 63 32 56 29 44 96 56 70 96 69 47 95 69 95 44 81 23 91 73 39 50 52 51 29 51 46 29 37
38 93 97 58 91 86 78 39 60 60 89 40 27 28 52 81 48 38 78 73 48 55 76 69 32 35 88 42 65 44 61 76 45 87 21 54 42 58 53 99
25 70 63 87 22 65 92 63 91 32 84 40 58 55 88 75 75 29 85 34 82 47 48 32 92 27 78 38 32 33 76 78 20 82 20 28 96 27 89 53
20 80 39 29 94 66 50 31 54 55 21 86 64 58 27 56 42 87 84 88 59 66 44 77 92 47 53 31 72 78 73 92 54 22 88 34 95 92 56 89
32 94 82 39 52 40 23 23 76 83 37 38 27 80 66 98 100 66 64 88 56 35 43 20 84 96 75 23 21 66 80 59 85 70 73 72 44 71 41 77
52 91 48 58 28 48 95 54 46 91 53 92 42 66 89 24 44 28 55 83 66 95 68 54 22 45 52 46 54 100 53 37 73 61 67 79 53 99 71 32
22 77 43 81 46 68 62 29 60 70 88 85 70 92 39 59 60 79 29 29 71 85 88 36 25 97 49 61 40 26 42 77 72 62 93 29 32 52 37 62
41 31 79 75 95 92 57 49 52 64 56 69 52 96 87 99 74 43 54 48 95 71 67 80 82 65 44 45 42 37 91 82 26 26 84 61 67 74 67 51
60 80 86 47 92 96 91 86 45 75 77 27 78 94 87 66 24 92 29 93 41 67 59 68 47 66 25 62 90 63 24 26 71 47 76 84 80 66 97 27
31 48 96 53 46 96 52 99 51 27 44 90 49 62 48 82 92 32 88 41 65 71 69 23 96 64 46 62 25 37 60 92 80 60 72 25 23 34 29 91
57 20 76 94 36 54 81 81 73 83 88 77 64 79 94 58 82 76 72 53 67 45 89 44 61 75 42 31 89 80 53 91 80 50 78 31 81 75 84 55
20 86 66 95 29 33 68 51 52 35 48 75 62 98 21 84 53 43 27 49 43 28 56 84 92 49 94 24 62 90 96 62 30 88 80 30 65 28 90 37
28 76 93 36 48 77 55 23 68 48 36 25 68 40 91 88 48 44 77 69 29 22 55 77 94 65 99 41 26 95 69 89 64 30 54 93 20 35 33 39
74 61 38 46 50 46 35 87 72 55 72 68 32 61 47 51 20 59 84 44 51 93 55 39 34 31 43 49 58 31 59 46 69 85 24 65 41 78 47 22
82 26 27 97 45 49 37 24 67 65 84 75 88 91 57 41 77 94 40 81 64 75 48 50 62 89 71 62 40 92 52 47 90 41 75 50 52 76 75 38
88 46 31 68 34 20 83 68 25 76 45 68 43 79 34 46 59 48 33 40 84 71 27 97 89 96 68 80 38 75 63 80 27 49 35 32 25 26 68 46
74 66 91 56 98 35 76 45 63 58 78 38 37 36 59 80 56 72 73 77 89 94 27 79 23 27 61 84 81 95 94 59 77 96 59 100 80 22 99 74
54 94 56 23 47 80 43 84 83 83 64 60 29 94 86 50 84 89 80 74 30 57 62 29 95 90 54 39 91 39 78 100 94 95 81 98 99 83 87 95
68 31 46 64 60 38 37 22 37 60 65 22 67 35 72 100 75 70 96 69 56 99 59 97 62 58 28 24 65 33 28 55 50 79 32 80 54 72 73 43
61 93 52 68 62 35 100 63 79 72 60 50 49 31 44 24 84 25 63 26 79 39 82 87 34 75 64 55 73 61 75 66 31 56 23 56 76 93 93 25
85 69 88 20 54 49 62 46 32 32 91 95 72 81 81 29 76 46 61 89 98 50 26 36 77 87 66 94 42 71 70 69 81 43 38 88 39 47 38 29
86 35 85 62 22 52 21 61 43 93 59 27 99 41 74 40 68 83 36 38 36 47 50 60 57 75 73 59 48 56 57 75 73 32 71 36 100 55 76 89
76 98 39 53 22 59 30 58 56 87 39 90 30 28 51 62 56 97 47 54 51 91 93 72 79 51 96 46 21 53 20 57 76 80 34 81 44 57 80 89