37 20
36
32 35
3 20
29 23
12 8
21 36
21 20
33 17
36 7
26 29
24 22
0 34
13 8
27 31
33 36
14 10
17 11
2 19
24 26
2 29
18 11
17 1
24 16
36 4
25 3
32 3
21 9
18 8
28 10
0 35
2 10
12 30
18 15
32 27
5 16
25 6
2 11
31 22 35 72 58 91 73 45 21 80 42 52 31 28 52 83 51 65 36 39 36 87 96 88 25 21 36 65 31 34 23 22 98 25 71 89 59
31 77 30 82 57 52 57 94 53 47 49 78 63 31 99 63 39 76 73 80 81 59 95 69 32 99 88 49 21 66 99 51 36 22 85 52 40
99 66 70 80 71 66 88 64 51 44 55 37 90 98 34 96 45 95 40 50 52 27 56 21 36 84 59 82 98 86 24 94 76 76 56 94 78
56 30 47 94 89 29 41 82 34 41 31 39 72 89 80 40 85 70 94 39 37 87 67 48 53 84 73 66 60 36 63 35 73 64 76 34 54
85 35 83 93 97 47 42 63 27 70 24 71 58 62 87 55 28 67 25 46 69 43 98 66 22 27 31 48 93 24 66 56 71 56 83 97 93
70 29 40 70 56 22 29 93 63 43 34 83 68 35 70 80 30 81 71 31 56 38 55 28 33 85 84 74 95 83 97 31 40 38 83 90 41
89 30 85 21 25 79 23 79 87 67 86 66 85 28 79 98 97 32 56 21 76 63 27 98 69 25 65 96 58 29 85 38 95 33 57 98 97
92 77 55 74 83 74 31 80 46 91 49 57 58 52 39 21 55 73 53 25 68 29 23 23 77 66 51 84 74 26 78 53 20 96 70 35 55
91 63 90 39 49 57 54 88 30 68 22 54 34 40 27 22 89 49 77 32 75 79 74 78 22 79 25 69 79 70 72 84 23 22 38 44 34
99 68 75 33 29 58 89 96 68 99 82 41 96 91 67 30 25 77 100 63 68 79 84 53 96 33 89 51 91 44 85 75 70 51 64 91 55
47 27 100 68 53 66 87 88 76 48 36 22 35 57 35 60 46 96 91 49 73 65 70 71 82 84 75 95 40 81 91 41 29 37 31 53 78
62 79 84 94 60 93 26 83 22 81 46 69 26 21 55 22 55 97 41 68 54 43 69 57 63 38 82 71 98 27 77 21 65 84 83 21 51
64 83 87 55 48 79 23 47 23 68 39 53 100 68 46 40 37 61 32 79 62 74 65 39 79 38 35 89 70 48 97 41 88 73 57 48 21
94 54 40 45 50 48 40 57 83 93 64 79 79 27 29 83 48 24 86 71 83 24 29 33 23 88 43 68 59 67 30 70 67 96 45 33 94
54 28 75 43 93 33 85 87 44 81 61 85 40 20 100 36 43 44 35 22 46 66 100 67 58 32 40 75 59 30 30 55 63 83 77 89 23
95 72 87 42 47 89 63 20 69 62 94 74 37 74 92 26 44 27 64 87 97 74 55 55 32 28 91 87 59 46 59 64 21 92 49 35 34
89 71 72 37 76 46 20 21 79 27 80 74 70 69 50 39 44 51 31 40 36 92 57 98 76 74 51 74 45 94 50 72 86 48 21 33 92
79 28 60 33 74 96 46 40 36 40 88 95 46 64 56 66 75 40 44 30 75 74 69 81 81 72 75 56 63 43 43 39 40 70 71 66 58
92 32 92 72 40 50 88 47 35 25 53 31 48 68 59 66 99 72 95 90 40 34 69 37 71 79 27 88 74 57 47 43 84 88 27 49 24
69 30 62 64 58 69 80 59 91 86 45 31 98 52 57 51 73 72 92 31 39 88 21 25 34 21 71 32 84 70 44 23 66 88 70 60 31