26 25
25
12 22
7 6
25 15
12 0
16 6
13 8
16 5
11 1
4 10
4 6
17 25
21 20
2 14
23 6
18 10
9 21
2 0
16 25
19 18
4 11
3 24
16 22
9 0
17 3
13 23
30 70 89 45 33 34 41 48 47 37 87 67 96 37 38 67 33 27 59 81 21 57 88 40 89 76
44 72 54 82 91 27 57 68 98 28 95 90 75 28 65 44 40 43 52 91 31 43 48 82 99 22
73 67 33 97 26 34 58 73 44 57 64 44 91 65 39 56 70 23 57 50 79 80 87 96 45 49
41 22 36 43 39 92 86 49 78 60 29 30 73 47 76 53 36 20 77 61 34 93 25 81 77 48
76 57 52 31 55 50 33 30 77 28 70 62 90 37 87 89 68 76 73 35 68 88 56 89 74 43
47 34 20 85 21 48 66 70 89 95 20 39 50 53 34 91 23 84 70 62 71 46 51 58 61 36
78 90 39 98 30 49 20 71 73 69 28 60 21 56 90 97 70 60 90 80 43 34 33 53 37 36
50 91 64 71 58 95 75 52 98 100 40 84 37 64 33 50 52 55 25 25 82 22 100 54 81 73
77 48 91 93 49 33 95 58 79 67 73 43 24 23 63 42 41 83 57 40 80 80 89 42 38 29
39 71 75 60 47 42 25 55 36 43 24 31 57 67 24 30 34 30 74 87 58 64 74 59 84 78
63 33 34 64 87 26 59 44 23 31 54 65 78 39 90 57 35 51 38 72 67 90 49 21 26 31
100 55 73 63 56 32 76 50 58 45 93 88 96 97 87 74 32 29 36 81 28 36 94 78 100 78
99 89 49 47 45 65 99 23 28 23 92 61 41 29 26 60 47 88 25 40 77 45 47 63 79 61
54 51 88 39 44 62 25 27 33 88 47 98 60 86 38 89 72 30 40 91 72 79 41 56 82 21
35 78 59 71 67 81 70 31 64 24 57 64 59 62 84 65 75 77 33 50 66 85 24 82 56 96
27 56 57 72 57 54 86 21 59 92 92 29 91 81 35 86 31 52 62 79 66 22 59 93 74 78
89 57 42 74 63 54 49 37 23 24 65 70 75 81 75 29 70 45 79 87 41 69 94 90 30 33
24 85 93 86 36 92 41 85 36 33 44 100 42 83 88 35 94 67 56 82 21 79 72 37 33 80
81 52 62 41 91 22 70 32 52 74 38 89 66 68 93 72 51 34 72 69 96 30 46 94 64 56
32 82 79 23 71 30 97 86 92 46 31 38 27 85 70 52 66 51 20 67 64 22 50 21 71 55
46 86 82 63 22 31 47 35 49 45 48 39 30 86 91 85 54 25 61 76 40 82 97 49 93 62
98 90 80 74 100 94 54 50 34 62 91 37 91 30 55 33 41 34 36 88 81 23 38 38 71 67
56 24 40 89 93 82 85 46 50 56 80 30 76 34 43 47 69 72 33 91 44 48 78 54 92 50
33 49 88 52 36 81 51 25 52 96 69 98 86 80 70 44 89 30 77 51 55 96 89 32 21 77
44 48 93 76 27 65 61 91 55 23 79 22 92 52 49 24 35 50 84 46 69 54 68 35 84 72