24 24
23
2 4
16 21
15 5
5 12
17 21
8 12
19 22
7 12
20 10
13 4
19 11
20 17
0 23
0 17
15 0
14 22
6 1
14 18
13 9
2 11
18 21
13 3
7 6
64 79 90 41 55 79 54 73 61 26 62 52 48 88 47 42 53 73 63 73 32 31 27 26
27 70 39 71 76 70 26 66 20 77 74 67 29 80 26 20 86 40 33 81 90 30 41 70
49 28 58 37 29 100 80 88 21 43 39 43 96 51 28 83 21 74 45 95 60 35 32 31
32 84 83 97 93 100 71 67 26 21 67 80 50 33 76 24 39 38 37 75 98 68 50 59
45 73 66 91 59 50 80 32 26 22 51 100 77 28 32 90 79 42 26 30 43 25 37 78
23 73 76 43 45 78 24 100 36 35 26 49 43 60 25 90 87 40 69 47 40 46 21 47
95 28 67 58 85 54 28 27 45 95 54 85 94 42 94 42 56 47 82 46 70 37 40 74
27 77 88 75 26 26 84 21 31 81 71 78 25 56 80 67 43 21 66 58 45 62 97 47
51 61 63 33 83 40 80 57 54 52 80 25 37 50 40 31 80 85 75 21 45 79 68 20
43 29 55 42 58 78 43 47 36 75 62 25 63 43 85 90 58 30 91 45 89 69 49 81
70 48 79 42 31 63 95 37 51 27 39 26 66 83 33 55 92 74 34 50 76 49 47 91
39 83 40 84 80 97 48 53 85 76 35 100 56 46 76 40 72 88 53 98 74 90 75 70
53 93 40 68 32 63 97 32 23 39 80 98 36 30 100 30 86 97 79 27 28 41 68 68
88 25 71 91 65 20 71 69 44 50 22 77 53 32 51 43 28 85 68 88 32 29 62 60
56 70 70 77 51 69 74 22 55 34 53 91 24 57 45 42 24 73 63 35 54 85 30 72
58 59 24 48 36 75 100 59 86 61 92 74 33 30 83 26 31 27 42 56 53 58 65 66
93 62 46 72 95 46 65 38 66 31 62 69 25 88 57 100 47 43 36 72 45 67 71 49
84 50 59 43 52 54 35 56 20 56 31 74 69 100 44 49 41 46 51 96 38 85 36 77
97 97 31 22 20 53 81 72 64 39 84 45 77 29 72 27 45 28 78 78 46 26 79 92
86 34 81 96 36 75 49 67 46 31 49 72 55 26 61 60 29 57 70 29 38 95 43 68
84 83 57 41 76 83 73 60 51 41 66 21 64 65 93 23 58 94 25 46 52 58 74 33
27 62 77 82 38 43 45 37 43 54 81 52 86 49 89 92 27 84 30 83 63 66 35 89
29 85 65 65 29 82 39 66 98 31 35 91 70 89 41 36 28 23 54 58 57 70 85 48
41 100 89 40 82 90 65 46 31 78 46 53 77 29 79 20 68 69 100 64 98 73 55 38