15 15
14
13 11
13 3
9 8
6 12
10 3
5 4
3 0
3 1
5 12
11 14
5 8
7 10
7 12
10 2
37 99 55 82 96 63 30 58 100 95 22 66 68 51 30
40 33 78 66 91 59 59 36 23 96 60 36 25 78 84
28 46 59 33 38 90 33 47 96 93 68 92 20 32 48
36 47 76 55 82 22 59 43 49 29 22 46 36 43 45
80 87 43 30 45 93 35 91 53 26 79 94 61 87 77
36 75 33 54 29 77 89 21 90 52 87 29 92 32 41
44 27 37 24 32 38 49 34 87 35 74 35 66 30 96
20 85 25 27 70 55 33 69 66 53 21 44 61 52 74
64 60 87 38 61 98 96 34 74 22 27 89 69 59 63
95 43 35 53 21 94 83 76 21 96 60 61 51 97 35
82 83 49 55 100 47 69 47 82 20 23 41 28 22 90
52 88 62 44 36 94 65 95 78 72 42 53 71 58 82
30 33 38 61 49 30 44 39 28 89 58 64 47 25 60
61 82 89 29 54 40 91 90 53 89 45 72 24 39 89
84 67 93 47 88 55 59 32 92 28 53 49 96 48 31