45 24
44
25 16
16 2
9 43
42 43
22 38
28 44
3 5
1 4
20 34
30 5
10 35
7 13
5 23
7 37
14 39
4 2
33 0
31 26
41 15
34 38
20 4
28 23
11 8
23 37
32 8
18 5
34 15
39 21
29 0
10 15
17 44
36 19
14 41
19 2
9 13
27 15
24 12
29 35
43 2
39 8
20 26
40 11
44 12
6 13
79 68 56 48 28 41 30 33 58 68 98 45 32 86 82 78 99 23 22 41 79 32 99 52 36 29 35 100 50 37 41 66 68 33 33 97 34 63 48 82 72 65 89 68 90
74 21 89 60 61 84 80 73 34 92 64 35 69 97 36 37 76 41 50 55 46 80 27 55 63 51 59 97 91 93 67 58 76 25 43 73 59 29 42 34 98 26 61 38 41
88 43 97 36 60 63 26 45 98 84 24 44 25 76 76 44 84 76 27 35 27 27 38 61 62 60 69 52 46 66 25 36 68 99 33 29 89 20 91 74 71 34 42 23 30
62 29 93 68 71 91 53 38 60 52 72 54 68 79 48 78 63 74 73 64 79 24 63 75 85 90 98 53 31 72 75 57 52 30 30 22 90 53 90 76 77 49 38 67 62
66 62 42 74 71 61 66 33 48 48 28 52 83 46 59 91 100 46 46 75 38 94 24 67 34 37 41 35 94 31 39 37 66 72 83 40 98 49 78 45 69 87 77 76 93
84 94 61 74 38 57 73 63 49 60 97 55 77 28 76 56 89 34 20 73 70 60 94 100 94 73 74 46 61 30 97 88 49 33 34 29 27 29 81 85 99 68 21 89 70
79 94 74 22 61 24 87 65 92 82 30 86 66 75 58 68 90 86 97 88 53 21 36 53 51 92 35 21 41 24 68 45 50 67 42 47 74 64 55 52 89 83 31 36 61
24 54 58 73 78 85 78 38 73 36 60 23 46 65 97 31 62 20 38 89 88 58 72 81 52 60 65 67 88 84 99 31 77 42 86 83 55 80 61 92 38 64 43 89 81
61 88 34 31 48 46 82 99 89 72 84 47 47 74 29 95 47 29 40 42 60 98 43 95 45 39 70 52 55 21 58 23 52 58 55 59 40 77 65 69 74 86 56 34 70
83 50 27 50 47 97 47 91 42 51 83 45 66 93 73 63 93 84 76 39 92 82 60 45 99 98 64 78 28 27 33 94 99 93 51 38 56 96 82 33 100 92 94 95 69
99 99 27 81 41 24 39 83 65 93 46 62 62 99 74 60 34 35 51 74 51 47 76 61 81 85 97 71 97 81 43 22 34 90 32 88 68 80 48 32 67 90 81 78 78
64 67 31 97 43 21 59 61 26 75 26 71 45 47 37 44 73 42 51 77 54 83 32 22 23 83 35 82 25 81 58 58 71 21 22 34 56 73 44 78 59 82 82 46 60
45 22 88 86 73 20 24 97 23 50 87 31 61 95 94 31 79 70 53 91 49 50 70 41 54 39 66 69 26 38 46 25 35 82 82 56 83 94 68 99 51 63 57 78 68
53 65 40 52 54 31 37 72 78 69 68 34 65 52 32 33 91 97 36 46 67 86 93 44 100 38 90 29 31 49 90 98 39 43 34 65 54 62 22 56 20 57 23 40 88
20 91 63 77 39 23 57 31 60 57 36 97 64 71 81 44 62 31 46 64 28 51 91 65 78 44 26 66 63 97 32 87 78 47 83 82 82 72 61 53 35 79 56 94 57
84 68 32 92 63 73 98 49 25 34 42 73 85 90 59 62 54 37 86 76 98 35 70 61 80 74 73 87 78 55 63 32 82 73 74 80 84 22 92 77 96 37 67 46 36
79 24 23 52 71 63 20 49 83 27 37 90 68 79 58 67 22 49 41 42 29 97 80 99 31 95 62 29 24 58 84 64 28 93 37 72 48 34 58 42 80 76 85 38 72
92 23 53 95 42 90 41 63 72 49 75 67 61 20 89 77 71 65 26 72 98 82 74 96 65 26 31 82 42 86 27 63 79 51 22 26 33 48 45 65 48 77 46 52 35
66 29 58 66 58 92 34 96 25 77 21 29 80 96 54 96 23 32 87 58 31 70 40 89 82 43 70 49 48 71 91 82 87 60 46 71 50 68 34 44 31 88 58 41 43
44 30 72 49 69 33 86 54 83 29 44 40 21 22 52 91 36 76 42 89 86 40 88 38 69 54 45 70 27 92 80 70 29 79 70 67 51 79 37 59 26 45 75 91 57
29 36 22 33 55 100 59 90 94 34 45 87 64 71 83 34 73 97 27 59 97 76 91 85 21 30 52 73 35 51 80 52 26 27 92 63 21 77 22 42 51 30 99 88 22
83 50 49 39 21 52 80 70 33 48 37 39 25 51 72 73 78 73 94 35 86 45 44 50 59 33 34 54 35 49 76 83 72 26 30 28 39 96 75 82 39 48 58 57 47
46 93 78 82 55 40 56 60 100 39 73 35 100 62 62 93 32 63 95 33 84 57 23 45 70 77 93 35 50 51 88 48 91 62 57 36 87 73 21 60 52 35 76 31 47
28 26 30 64 75 29 86 63 71 55 45 65 55 45 24 49 56 64 45 41 45 47 37 52 27 84 60 45 75 63 35 42 64 50 68 95 23 26 31 76 90 92 71 99 70