18 10
17
0 13
12 7
10 2
1 11
0 7
15 3
12 9
15 5
10 17
15 16
1 12
3 8
1 2
5 4
3 6
14 12
15 13
99 96 57 65 65 66 48 28 98 87 91 47 85 31 46 53 61 75
62 35 81 68 74 75 77 34 87 57 43 73 33 83 52 64 68 94
74 66 64 24 95 30 48 70 89 96 26 82 77 41 35 55 23 27
47 41 69 79 70 44 74 68 74 41 34 77 77 45 25 58 34 61
98 53 45 83 59 93 83 41 59 71 54 61 31 54 28 43 94 27
55 98 42 99 49 60 76 87 92 43 58 51 79 20 58 65 67 23
20 57 45 36 74 89 25 82 43 33 47 78 83 98 58 37 67 58
46 53 72 28 39 28 61 20 94 76 50 32 78 75 48 37 55 46
57 52 63 39 94 42 89 50 20 56 79 91 79 67 94 82 51 60
57 26 87 44 29 62 76 35 88 32 54 48 99 71 24 26 31 39