23 16
22
3 16
14 19
9 4
22 3
12 0
14 2
16 15
13 16
10 14
16 20
16 21
17 6
12 18
1 5
5 19
2 3
13 8
14 7
22 11
12 2
10 6
9 15
71 68 49 86 86 56 91 36 84 68 68 86 24 70 43 30 92 43 39 88 55 63 81
60 48 68 84 68 70 55 40 47 85 55 75 61 38 76 91 86 94 63 59 37 90 52
56 87 38 84 38 42 61 75 73 33 93 60 25 78 76 81 51 62 39 57 25 34 44
23 95 25 27 76 52 35 54 71 35 90 100 20 68 89 66 64 33 49 38 88 86 54
41 53 99 56 90 69 37 38 52 62 75 52 68 44 85 86 38 64 32 80 99 25 79
42 34 70 86 42 30 59 75 50 87 83 70 23 32 75 21 26 56 90 54 58 28 91
68 70 89 32 49 69 61 61 28 32 87 70 89 90 64 78 41 88 66 97 47 50 51
72 25 41 60 60 58 82 87 66 74 66 33 52 41 20 47 82 29 57 26 75 23 51
94 75 84 89 80 46 26 99 98 35 27 70 23 74 75 85 46 81 52 45 40 85 44
23 31 78 57 69 48 52 92 38 95 78 71 30 71 73 21 41 43 94 56 81 65 54
62 66 30 70 25 60 58 22 38 47 22 46 31 58 65 73 66 85 59 78 81 20 23
27 30 90 51 60 48 87 44 52 39 30 27 100 35 97 21 60 44 56 88 25 92 81
93 35 37 38 97 100 64 87 64 75 84 88 51 61 23 66 55 46 52 24 51 88 57
70 62 31 95 76 54 21 89 20 62 96 21 89 55 20 25 74 71 41 93 87 68 27
63 41 82 20 76 47 61 34 21 91 41 53 32 71 68 74 42 66 100 94 90 34 97
57 68 57 80 93 68 65 66 25 99 41 83 80 89 56 51 37 73 52 68 23 53 78