26 13
25
6 22
25 17
9 4
1 22
16 14
6 19
15 13
10 5
10 21
5 19
5 12
11 8
11 20
7 22
5 0
5 2
20 23
3 14
18 16
3 12
20 24
0 9
25 4
13 12
20 18
34 70 80 98 56 50 32 41 85 81 47 87 48 46 31 56 88 46 89 87 37 85 24 53 74 71
96 25 25 20 65 51 45 81 58 77 95 40 65 62 71 42 21 68 89 57 35 53 60 42 66 52
61 85 94 60 41 29 25 24 28 87 26 56 73 94 37 25 57 36 66 98 72 60 100 23 44 70
98 59 63 46 73 33 27 48 97 44 34 75 98 43 58 56 79 74 97 54 62 41 93 50 28 55
49 98 61 97 56 97 20 69 79 39 87 50 66 100 40 49 22 47 42 55 23 58 92 99 73 28
33 61 68 94 41 57 88 57 38 96 57 51 22 95 97 81 54 21 65 22 94 100 75 39 47 46
37 89 20 23 91 30 91 54 33 57 55 72 31 37 84 34 70 94 42 100 41 47 70 48 43 91
39 82 55 71 50 28 44 36 46 49 24 53 77 98 65 63 76 70 81 52 78 34 89 81 37 45
51 23 71 26 85 32 76 47 63 48 43 83 76 38 34 55 97 40 87 51 32 72 69 83 25 82
77 92 69 72 81 96 54 69 68 89 37 33 37 49 26 86 41 68 56 80 43 56 42 58 91 61
34 31 25 99 49 54 42 58 30 67 68 22 72 71 77 74 82 53 58 96 82 94 24 93 22 52
78 90 42 29 21 80 80 26 29 33 67 37 66 75 36 35 57 62 87 100 22 73 20 44 48 100
33 80 20 61 56 96 47 99 39 54 77 82 98 51 67 40 57 23 96 82 94 96 31 31 26 34