29 23
28
16 24
16 19
8 12
8 11
17 26
4 21
0 2
11 27
7 11
6 17
8 16
20 21
10 23
22 23
1 19
12 22
5 16
9 24
13 27
0 14
3 9
12 18
4 12
14 28
9 15
1 25
0 27
12 17
30 88 65 46 28 97 72 49 39 21 99 77 68 68 49 33 60 78 49 81 100 81 60 20 96 28 27 31 77
62 28 97 45 89 81 93 38 37 59 83 86 62 37 31 23 57 86 86 88 77 85 99 90 73 76 79 93 86
59 68 68 80 33 24 72 48 32 69 50 70 43 98 50 63 45 64 28 45 100 74 47 68 65 35 77 81 89
46 76 70 27 95 53 73 96 97 94 99 27 33 54 66 71 21 25 67 96 49 62 24 64 56 70 26 68 66
31 83 69 44 83 87 51 24 72 80 31 27 64 58 91 89 21 81 51 59 97 99 81 31 57 98 90 78 39
53 83 32 44 24 30 70 49 70 100 97 52 85 62 54 74 40 34 49 62 55 50 88 99 91 23 62 74 58
100 31 42 85 40 23 63 48 20 100 57 91 77 100 88 74 30 56 21 47 34 69 63 94 78 59 57 99 64
45 70 24 36 55 62 71 56 91 29 61 81 59 68 93 28 99 59 38 36 96 34 79 89 33 49 60 48 80
83 64 50 85 62 87 38 58 54 70 21 97 27 52 62 60 42 40 33 59 78 81 65 49 88 94 49 36 48
55 33 60 34 60 81 72 88 99 93 76 37 49 21 43 26 83 85 100 56 84 28 72 66 27 65 67 32 82
28 54 88 26 90 57 61 64 68 42 100 53 49 58 87 43 55 34 63 49 84 81 48 23 98 35 49 71 100
31 71 56 52 50 67 23 24 90 48 55 40 60 51 86 55 53 20 24 74 56 98 39 82 86 93 33 33 63
92 66 99 82 97 79 88 99 83 66 42 42 77 35 74 73 88 78 67 76 48 91 90 62 25 61 54 32 44
98 31 34 41 73 79 48 92 47 37 55 74 73 43 73 92 33 46 95 69 95 51 83 80 50 80 65 40 45
92 78 73 61 75 91 84 54 96 52 61 56 76 71 37 100 98 31 74 30 48 29 77 95 48 85 20 84 61
62 22 85 94 70 90 100 85 74 82 61 44 91 26 91 73 32 37 50 45 61 99 61 100 43 100 30 92 96
20 82 81 39 65 68 68 22 52 68 41 65 73 63 62 79 48 70 75 80 36 85 37 27 29 85 63 76 81
74 85 78 97 56 22 97 93 31 65 61 24 25 73 48 39 28 58 72 70 44 79 25 67 36 59 49 84 38
33 62 39 53 99 24 93 30 100 94 21 47 76 57 49 90 63 57 65 62 32 62 79 75 85 80 51 93 78
99 49 44 80 52 28 84 28 92 52 88 45 93 91 81 20 78 63 86 73 34 53 82 24 67 56 88 64 94
60 36 41 46 49 76 94 77 84 36 43 80 79 23 98 92 63 48 60 89 68 75 51 97 32 51 98 36 60
26 94 93 56 58 27 80 65 40 72 76 83 70 54 21 75 89 79 64 48 71 90 77 50 68 68 47 68 21
96 45 50 67 74 35 40 94 79 78 72 89 36 75 94 85 25 51 43 34 98 49 36 29 32 22 69 51 40