14 14
13
6 11
5 11
3 6
10 13
1 4
4 11
9 12
2 7
5 9
0 2
2 4
6 8
0 10

86 63 48 27 31 97 40 27 65 44 29 37 78 70
70 56 41 77 55 59 89 46 70 66 89 81 34 67
64 38 61 74 79 85 44 85 66 86 79 67 38 23
21 44 63 46 76 91 74 70 69 25 36 66 49 37
56 21 89 57 54 71 47 58 32 84 35 44 86 66
97 25 66 52 32 92 42 55 59 53 96 27 20 60
61 100 75 48 29 98 78 65 97 39 38 72 86 94
31 99 95 91 52 82 60 96 92 72 64 84 23 99
96 100 42 91 43 23 24 51 49 28 41 99 75 26
23 22 54 75 89 23 44 61 58 39 91 50 62 73
78 42 89 22 44 30 85 100 93 87 44 58 48 57
24 96 53 96 94 72 41 86 35 98 40 74 45 70
29 81 35 66 36 57 55 61 75 40 45 46 74 70
43 50 63 30 62 21 55 68 22 28 77 100 32 85