33 17
32
2 8
14 20
4 3
31 10
14 5
17 6
18 19
10 20
1 23
29 10
13 25
3 21
30 0
31 9
21 16
18 6
10 7
29 26
10 15
28 2
12 26
25 23
25 0
17 16
28 21
27 5
30 11
12 13
22 19
28 27
24 5
32 5
27 38 92 54 44 84 27 56 42 57 82 47 44 70 89 86 65 25 56 23 54 100 83 82 73 65 95 23 47 60 73 50 94
32 74 69 26 44 80 69 68 84 94 37 66 86 22 93 60 76 77 35 64 83 81 62 98 79 42 50 64 40 99 95 93 86
70 45 44 46 92 22 57 69 58 91 45 99 53 97 63 82 52 57 58 72 34 50 53 52 71 42 57 42 24 85 49 36 66
56 31 70 79 27 77 25 32 100 58 53 100 82 56 39 81 34 21 24 63 61 32 48 55 58 82 24 100 30 55 66 40 92
41 37 50 69 47 74 56 62 22 44 67 95 58 57 71 76 91 29 47 23 40 100 51 40 40 22 76 50 40 50 69 58 23
43 62 95 52 70 30 44 88 34 29 40 96 84 27 92 94 83 35 78 44 45 45 51 21 48 26 73 30 68 50 58 60 89
44 92 46 70 40 59 82 81 87 55 68 67 94 34 27 55 97 86 26 51 65 44 42 75 66 84 31 33 29 92 33 63 84
36 20 49 57 48 32 95 100 99 60 95 94 46 36 28 79 86 45 69 46 32 83 78 93 68 55 26 97 55 67 71 32 25
71 85 93 78 71 95 51 82 54 41 83 88 55 22 20 29 44 21 36 98 79 29 43 58 47 81 47 97 61 78 58 46 93
33 74 66 91 98 32 49 26 40 85 90 42 54 60 38 90 99 29 25 24 57 59 77 24 25 72 27 91 54 65 66 54 78
54 94 79 80 90 26 95 87 87 81 25 21 35 97 67 66 87 32 70 40 34 94 56 47 43 62 97 76 75 47 54 63 75
78 53 44 63 31 44 91 20 73 92 72 58 86 65 55 41 27 39 47 47 71 45 98 91 67 48 43 21 32 31 57 54 53
80 27 41 61 59 100 96 29 55 70 24 25 67 87 93 61 47 91 51 55 61 52 26 96 32 87 26 93 42 74 24 46 56
48 97 59 95 65 26 92 43 63 46 70 30 57 88 66 87 93 23 72 92 69 43 27 96 89 48 81 30 39 80 67 34 20
33 86 87 53 93 39 97 91 39 64 56 70 83 83 100 50 53 25 100 24 36 82 45 38 75 52 57 34 38 73 74 55 81
44 64 34 24 59 98 25 57 82 42 77 65 66 80 39 54 51 95 90 44 21 60 94 42 51 99 49 21 75 62 64 23 79
51 78 74 20 28 53 54 39 66 24 43 69 83 89 93 73 94 68 86 58 81 32 56 83 71 71 77 69 25 86 54 38 82