35 23
34
0 7
33 18
14 13
21 26
7 12
4 3
4 29
22 6
33 9
31 27
1 25
4 30
28 11
0 15
20 12
23 15
34 16
17 14
33 2
10 21
33 16
24 9
17 29
17 9
11 12
0 5
32 27
19 21
23 8
21 6
19 11
5 32
19 25
32 3
31 81 25 38 68 43 44 74 43 40 30 82 77 57 92 69 59 79 40 57 35 70 58 86 100 72 93 76 61 28 73 93 86 79 78
74 83 55 84 51 23 47 22 97 26 33 69 36 57 22 82 69 22 74 99 93 76 69 21 86 40 23 59 49 53 85 82 61 49 22
69 46 86 74 61 90 96 74 83 96 33 56 74 42 33 49 92 88 63 97 34 77 42 44 68 62 30 51 36 80 30 20 53 30 49
99 77 41 36 78 67 47 50 62 26 60 38 30 28 91 96 49 76 74 20 81 51 76 80 76 35 87 74 41 41 61 65 23 35 49
73 98 26 75 85 28 51 84 91 71 71 83 78 44 51 26 63 39 66 45 45 28 33 78 100 70 89 56 22 91 25 59 59 29 78
22 24 61 70 21 32 99 90 34 58 25 44 20 48 50 61 70 39 41 22 40 84 70 76 35 92 61 47 44 78 63 59 69 44 99
43 39 22 63 54 25 79 20 26 48 72 24 40 80 32 64 50 22 83 66 31 38 93 75 98 68 50 70 48 33 78 24 58 28 72
34 58 67 78 70 63 87 42 58 68 65 84 36 54 66 36 50 81 41 46 84 67 81 59 87 26 83 27 99 84 41 42 21 48 42
95 49 30 77 35 63 55 63 62 38 81 30 75 40 98 84 72 85 44 28 73 44 96 78 97 80 27 63 31 68 95 66 56 47 25
99 80 82 69 38 56 89 53 20 28 57 78 25 80 34 97 34 83 89 52 67 59 65 86 48 84 60 44 85 58 34 41 63 97 79
87 73 29 25 23 96 38 84 96 83 76 70 24 24 77 50 100 93 69 26 34 64 54 74 36 96 39 59 79 56 92 33 97 70 87
45 87 70 33 28 20 31 63 90 82 26 85 97 48 41 53 64 76 90 76 32 78 93 88 32 24 57 43 62 53 60 38 37 86 81
83 62 63 94 90 36 83 41 71 38 26 41 43 92 48 86 79 59 63 84 25 95 76 65 61 34 27 43 49 37 84 77 71 54 56
48 69 20 82 63 64 68 48 24 48 88 38 96 34 63 43 52 26 32 21 55 98 50 50 51 39 49 23 74 49 98 99 70 86 78
41 85 28 35 30 44 80 41 59 51 54 58 76 94 78 31 26 46 30 52 40 71 21 69 39 81 53 89 84 98 21 95 57 95 74
81 85 38 67 67 46 21 78 47 65 96 69 59 55 30 55 35 27 25 54 25 78 53 37 69 62 90 98 80 61 97 20 86 79 36
69 74 62 36 86 37 70 27 63 40 31 39 72 62 32 22 24 87 26 86 95 59 25 40 63 100 82 87 69 97 89 94 52 68 31
78 89 93 45 50 66 86 57 75 26 66 71 71 92 25 98 35 76 49 26 74 66 31 45 32 51 56 21 29 39 42 36 75 31 86
47 24 38 62 95 59 38 22 57 74 96 52 75 21 56 68 75 91 98 77 25 25 96 85 37 58 57 63 73 84 91 46 45 100 65
35 57 48 75 54 26 50 65 82 78 74 49 78 85 24 79 78 53 97 52 29 51 75 57 98 84 37 78 55 36 96 90 87 71 48
54 23 30 24 100 37 36 53 42 95 85 90 40 98 84 25 73 38 33 81 73 25 50 30 38 45 74 61 50 47 33 61 80 52 84
24 90 55 22 65 69 22 67 54 68 37 48 58 97 78 41 46 38 49 44 34 32 28 48 27 79 54 57 61 53 48 38 82 43 91
47 88 53 49 30 31 54 96 77 31 37 89 90 53 28 31 79 92 20 96 31 91 88 72 64 40 35 81 64 92 31 62 68 71 31