35 35
34
1 19
23 30
25 13
23 5
34 18
1 20
10 3
34 29
24 26
23 3
8 21
24 6
9 22
8 11
33 4
31 11
1 17
34 2
9 27
12 17
7 14
19 32
9 20
23 28
10 13
5 18
9 18
0 24
15 16
0 28
32 4
14 5
1 16
17 11
61 42 75 39 47 98 46 39 71 31 95 88 50 93 91 70 93 99 25 28 91 65 35 47 29 66 20 36 87 40 56 54 26 99 91
22 48 88 62 22 82 54 59 79 43 48 52 66 87 41 75 68 59 54 69 75 38 79 21 80 39 66 22 99 54 31 95 92 47 69
42 63 35 26 71 36 92 48 65 65 78 45 54 58 24 75 69 51 23 67 61 40 96 27 57 90 40 56 49 97 87 64 73 93 21
99 49 49 22 43 50 33 37 57 45 58 60 76 27 80 43 93 88 61 42 90 52 57 31 71 79 52 26 89 59 62 35 75 69 86
59 61 100 71 91 89 59 67 41 94 58 38 70 84 83 57 89 49 92 62 75 39 70 32 82 78 42 98 46 91 69 75 54 70 23
30 41 90 21 49 31 48 50 66 50 60 61 71 68 65 25 24 74 46 25 20 78 85 42 74 100 55 59 51 52 34 88 82 21 24
20 55 53 85 24 38 80 37 66 87 60 84 80 63 90 82 76 32 22 29 32 34 39 40 71 47 41 93 23 29 67 84 71 76 80
52 28 42 35 93 43 64 99 52 53 91 34 37 81 65 58 35 38 36 40 26 29 72 78 85 58 59 20 24 36 42 46 33 44 23
91 84 93 28 99 81 77 40 63 25 37 89 38 95 42 24 99 33 33 54 91 26 85 75 58 68 47 59 96 90 74 36 91 72 34
59 62 94 39 43 68 93 82 50 97 76 40 93 46 59 35 84 38 87 61 32 83 40 31 77 98 93 20 49 89 72 30 59 73 62
36 48 75 59 75 52 42 63 94 31 32 47 24 51 84 92 28 87 88 34 21 67 44 85 27 21 90 36 94 99 92 93 59 34 68
26 100 34 61 61 35 88 78 99 58 37 30 74 36 28 40 73 49 37 85 87 100 25 53 78 54 69 78 69 28 82 42 28 36 72
88 89 72 46 43 92 97 29 28 29 94 94 37 78 36 96 50 38 89 34 92 61 31 64 53 77 81 96 57 25 97 69 74 63 40
92 67 26 61 65 84 82 24 67 99 53 23 85 29 51 35 31 29 80 82 37 78 95 64 50 49 40 33 86 98 99 47 81 61 62
69 79 35 25 47 40 23 92 42 56 64 61 25 54 54 60 44 82 65 31 50 72 23 99 70 68 48 27 88 71 43 66 60 95 94
25 94 48 97 100 75 88 25 65 45 62 24 91 61 35 71 90 31 89 92 97 38 47 24 71 43 66 41 51 75 84 53 100 93 96
66 68 23 30 22 20 77 54 92 30 39 55 98 31 37 45 32 21 77 64 69 93 74 78 31 40 51 28 92 47 68 81 46 74 30
92 52 20 75 55 36 86 53 91 22 85 79 95 57 71 35 89 28 41 37 56 79 63 85 85 84 52 66 52 40 70 72 65 30 45
97 51 65 77 54 51 46 50 53 42 85 49 70 72 83 28 26 83 47 69 99 76 50 22 32 74 39 52 100 100 94 59 26 85 23
48 97 79 43 88 75 64 91 23 59 52 43 25 79 88 41 92 50 39 72 33 100 52 67 55 95 30 50 97 94 23 23 86 96 87
34 99 80 82 58 80 54 44 64 85 71 23 55 95 63 23 68 35 28 59 34 54 60 98 29 61 41 65 26 51 36 29 74 58 20
59 58 45 89 99 31 88 78 71 26 41 88 97 46 91 94 76 96 55 99 25 84 84 67 72 69 53 63 91 29 58 84 48 52 83
72 22 32 89 29 49 49 100 91 98 90 48 100 74 43 76 52 25 43 98 100 34 90 35 43 32 81 65 66 50 21 77 99 37 86
41 87 39 68 31 78 63 86 78 65 21 88 65 91 84 54 59 23 27 90 86 53 51 89 24 57 96 85 97 34 46 21 47 21 22
81 78 52 37 24 61 97 93 20 42 91 97 87 43 48 38 90 47 26 40 86 52 64 73 70 79 61 62 86 41 61 61 62 67 45
28 73 86 59 90 34 23 54 35 85 20 43 90 49 88 35 26 65 37 48 57 78 22 45 67 54 39 81 34 63 72 24 52 47 84
94 53 60 49 93 32 100 81 32 82 38 60 28 33 50 99 59 92 96 39 77 48 62 31 24 31 27 24 95 81 95 53 86 36 21
80 82 29 28 68 89 34 58 95 63 55 71 72 73 72 64 52 32 27 98 99 71 28 67 73 95 97 21 62 22 67 51 44 21 79
21 45 46 23 92 44 39 81 100 29 55 21 100 96 96 23 32 73 93 61 100 81 73 53 21 36 48 79 55 62 99 92 66 80 66
90 71 49 77 51 73 97 92 71 33 79 78 33 71 94 37 69 95 88 74 34 89 47 34 92 51 24 54 77 46 64 72 64 51 21
70 93 31 70 53 47 31 93 98 90 21 94 55 54 69 31 89 21 23 52 58 84 67 65 49 98 99 97 62 88 20 87 62 87 31
86 97 41 62 76 93 85 69 61 49 23 45 37 98 67 44 68 63 64 24 69 67 54 93 28 99 78 72 78 31 46 88 90 36 31
76 87 69 47 22 58 94 97 65 35 26 34 53 89 96 34 99 38 56 32 24 89 54 59 60 99 34 57 45 57 39 38 30 40 44
43 87 58 71 25 87 94 99 37 99 28 52 39 45 77 59 41 68 39 60 99 86 42 35 80 86 70 22 67 32 34 72 79 70 58
52 23 82 46 54 59 91 50 49 28 48 27 96 79 43 96 40 65 39 51 20 52 43 37 64 99 52 39 65 90 50 84 78 72 100