21 18
20
11 20
0 12
20 16
10 14
18 4
7 6
15 20
20 7
11 17
3 7
9 18
0 17
12 13
19 7
9 17
11 1
11 2
10 7
20 5
8 16
77 80 69 87 32 28 48 38 92 64 83 25 85 20 89 79 51 56 23 45 29
34 53 89 24 49 86 100 68 86 20 25 86 28 93 91 48 43 41 77 90 87
48 54 84 40 100 69 20 26 33 21 67 100 84 62 55 50 45 44 55 36 47
26 98 46 76 45 60 20 29 82 93 52 84 30 82 91 87 20 45 60 81 86
30 98 75 41 90 81 88 61 66 99 97 96 48 46 65 42 89 21 47 28 26
49 74 45 20 45 33 42 29 89 54 41 93 79 43 97 78 47 50 50 83 39
90 41 86 25 22 37 96 95 100 89 49 37 23 32 51 43 94 79 74 43 46
96 29 92 45 69 71 91 54 22 91 22 37 41 55 57 92 52 56 30 36 23
40 82 43 92 29 97 90 66 42 72 26 72 79 81 27 86 92 94 37 35 68
76 80 38 76 38 45 71 98 49 96 33 48 85 96 96 89 24 71 68 25 98
21 82 63 32 74 73 48 38 38 79 50 36 96 43 87 29 82 62 79 90 93
67 41 70 48 100 31 100 39 34 63 29 55 92 36 21 42 35 42 58 67 85
61 97 60 63 81 90 73 27 85 95 96 57 22 80 21 80 96 95 44 71 96
55 39 72 90 76 62 50 95 30 42 44 48 94 29 85 67 21 83 87 26 50
21 50 84 35 48 37 33 63 73 28 28 90 98 44 32 32 69 68 82 82 77
21 32 38 45 64 29 54 24 81 24 34 86 33 58 38 74 26 22 64 89 72
32 24 41 28 84 58 67 73 100 90 43 74 92 73 99 46 95 79 46 100 41
33 65 72 51 42 38 98 34 66 88 98 72 53 95 42 47 100 45 59 23 86