35 33
34
33 9
25 12
5 32
27 19
17 6
3 29
18 30
22 7
15 18
4 19
12 26
32 26
33 29
10 32
14 16
25 31
33 2
20 27
11 1
27 34
14 24
9 11
8 0
13 28
23 28
17 5
8 18
20 8
23 11
14 8
7 16
27 2
10 21
25 33
82 83 78 67 38 30 26 60 83 30 98 61 79 30 41 100 21 61 98 61 75 32 45 26 33 88 41 47 46 32 85 61 98 56 58
72 28 22 35 28 38 79 94 61 68 78 45 66 42 100 68 88 41 70 35 26 33 32 55 53 97 25 52 68 91 51 29 41 72 57
38 43 43 70 56 45 64 55 75 92 41 98 96 64 54 62 52 58 42 98 23 64 21 29 94 34 39 24 42 80 74 66 62 92 28
28 72 64 67 35 99 51 50 21 77 27 22 40 57 97 51 94 48 79 24 90 95 78 90 20 72 45 90 97 73 42 99 46 60 94
83 83 71 36 65 51 71 95 100 98 23 44 91 86 69 78 68 77 44 72 31 73 57 76 22 34 51 40 64 41 35 25 55 20 77
94 32 58 83 27 41 42 77 71 36 69 30 75 54 93 46 73 28 22 91 84 24 58 93 26 48 89 96 22 97 68 58 54 96 84
48 48 48 81 64 58 72 84 61 75 61 95 45 79 49 100 92 84 47 37 97 37 98 96 64 53 92 93 61 49 59 88 96 26 47
83 26 67 85 94 63 63 54 31 70 48 50 88 49 65 35 77 80 54 65 89 68 74 69 35 31 89 83 37 98 63 23 40 92 45
70 85 73 56 24 97 43 65 89 45 51 86 55 70 37 91 45 50 74 75 36 43 60 89 31 95 52 43 40 51 82 79 28 81 88
94 29 76 32 54 71 61 64 20 56 60 20 93 38 44 35 36 95 36 51 53 85 96 73 25 44 31 65 59 86 83 81 55 74 35
49 70 59 24 21 32 68 87 44 73 59 79 97 86 32 69 47 92 27 88 64 50 53 21 44 49 29 55 39 49 95 42 24 63 70
23 81 78 58 58 93 64 66 45 94 73 40 21 97 76 85 83 44 39 63 40 93 63 38 23 95 36 95 80 29 46 74 74 33 68
98 58 35 65 52 54 55 85 35 84 64 88 79 83 97 97 45 21 56 75 79 98 80 62 33 95 49 92 67 85 60 22 61 33 91
95 97 76 31 93 41 82 66 87 53 100 40 34 78 20 40 55 72 91 100 22 73 99 97 53 78 97 25 51 99 30 92 86 71 69
95 77 45 49 61 90 67 96 87 67 43 93 80 53 45 54 39 71 75 82 47 57 36 100 33 20 69 34 21 99 50 22 94 31 26
28 31 60 23 66 36 98 20 38 62 90 92 70 100 93 77 74 94 45 47 36 42 37 25 95 83 59 34 37 86 86 54 94 51 70
25 31 77 29 57 39 36 48 65 38 41 22 34 47 93 91 41 27 91 77 67 88 36 57 77 61 66 46 23 75 84 80 53 84 70
41 88 44 35 79 47 33 85 95 30 74 55 76 40 29 24 37 68 30 91 35 25 78 22 61 84 20 55 57 92 45 46 69 100 22
98 51 92 39 67 66 100 49 82 84 73 60 27 58 93 54 93 21 91 83 99 54 80 36 94 74 90 37 94 77 22 58 20 81 57
30 52 100 89 30 42 75 88 91 46 96 23 100 27 89 74 87 42 28 68 35 25 32 81 49 58 89 47 84 64 22 80 86 31 37
75 81 20 70 67 98 69 100 49 59 91 81 73 90 69 51 33 100 72 23 62 40 82 25 46 43 59 56 53 38 69 38 57 49 41
64 37 53 51 72 57 79 72 67 70 74 95 25 27 92 43 61 67 31 42 61 42 37 79 98 66 64 48 41 26 80 61 74 63 23
99 55 61 76 23 43 35 22 82 64 69 29 83 100 78 28 99 35 32 43 77 20 54 77 91 72 78 55 78 39 78 54 96 79 41
25 45 46 63 83 97 51 95 61 49 36 22 63 20 61 67 68 79 23 42 52 54 39 34 38 70 78 74 43 91 92 40 48 49 41
41 76 56 73 59 81 97 25 46 83 68 29 95 50 89 94 77 45 85 64 72 68 39 61 36 72 44 86 34 68 22 69 90 84 81
91 79 85 68 51 40 52 90 66 41 86 26 73 57 49 45 67 93 91 99 97 95 42 72 87 38 33 96 40 80 37 91 82 55 57
90 66 27 28 90 70 61 62 82 85 63 62 59 43 53 30 45 58 59 28 52 66 84 32 46 73 22 72 97 57 90 27 59 51 26
25 62 84 57 68 68 62 31 22 91 52 88 23 31 20 28 69 62 100 85 59 68 39 22 51 83 33 32 84 27 68 72 67 40 61
82 61 76 89 44 71 81 44 20 65 89 28 61 69 97 43 45 80 51 39 57 21 55 93 35 27 46 75 66 96 93 86 66 60 20
58 30 92 94 91 76 78 59 23 72 77 59 43 32 26 48 20 43 58 23 68 62 75 52 41 81 75 95 94 52 39 48 95 29 73
58 25 50 45 99 36 63 79 66 35 41 47 34 97 97 44 52 97 31 75 49 86 79 49 61 64 86 54 28 78 45 93 30 32 89
72 48 51 59 54 25 47 45 64 23 92 21 62 44 94 40 50 95 90 81 23 25 65 45 61 69 34 85 21 66 45 51 34 26 57
41 45 65 44 41 57 28 68 71 46 87 25 29 93 61 74 94 42 80 68 49 38 40 28 41 23 34 58 80 97 55 72 94 20 41