47 39
46
30 42
11 5
0 9
31 23
14 38
13 22
3 42
35 41
41 7
29 3
33 6
0 7
31 26
20 28
21 39
42 28
29 24
1 35
36 26
25 16
34 40
15 27
16 28
21 43
8 38
1 32
22 39
29 41
8 20
34 37
19 27
29 44
2 43
18 7
12 7
10 45
24 17
36 1
5 27
10 11
19 14
24 4
12 6
3 39
19 37
46 0
83 44 22 69 22 41 87 41 33 73 51 72 60 20 60 48 42 92 71 95 42 76 50 39 57 65 83 78 90 99 40 53 92 45 71 88 82 73 68 61 30 36 21 75 48 85 30
60 32 80 97 93 38 22 77 54 20 82 46 44 24 49 22 43 94 31 48 49 82 59 56 25 59 26 100 24 99 64 56 84 40 33 86 45 66 98 32 99 50 67 63 50 59 86
28 43 78 20 86 34 26 61 59 33 26 23 57 49 33 87 90 38 94 66 49 100 76 33 77 62 76 41 96 74 65 88 46 54 27 87 32 23 67 70 44 65 44 59 43 92 36
32 100 99 35 34 69 49 46 70 44 96 40 41 69 60 45 91 69 33 57 27 87 70 87 33 47 66 78 21 46 49 89 56 87 49 83 58 87 74 28 90 90 56 45 48 44 84
51 44 61 99 28 27 34 53 96 30 41 33 60 36 21 63 23 26 61 61 45 93 56 67 70 48 61 59 68 82 56 80 87 26 92 72 66 49 79 76 26 89 20 76 26 44 69
33 32 98 29 20 23 59 71 31 26 37 59 23 50 90 95 73 37 35 88 66 85 59 44 91 67 30 36 82 42 83 54 49 20 90 64 96 35 44 77 34 74 84 26 100 46 87
20 98 34 24 20 77 28 92 77 44 83 34 47 64 86 20 39 64 22 92 30 22 69 82 40 66 31 41 62 41 25 26 54 38 66 34 34 75 35 51 37 59 59 59 93 62 91
58 22 20 99 28 100 73 54 22 27 95 93 31 91 66 29 71 81 88 21 70 20 57 32 100 85 72 71 72 99 47 62 30 44 59 76 51 61 61 95 95 41 92 76 83 90 63
98 39 35 25 47 82 69 93 32 28 35 76 60 83 79 29 35 68 45 20 57 76 74 80 67 53 98 81 71 76 83 89 53 57 42 64 48 72 90 54 68 62 70 32 62 26 72
81 20 25 71 87 27 23 87 67 56 46 58 51 49 43 31 82 65 76 47 65 88 55 71 79 26 48 26 25 84 31 74 55 32 32 93 74 87 29 44 38 74 41 79 78 33 35
72 29 38 75 88 53 64 98 76 25 66 87 100 47 56 31 44 77 43 91 22 70 87 54 63 77 53 32 23 47 57 81 46 50 21 57 85 62 41 32 21 81 80 33 25 92 29
48 27 31 38 78 94 85 33 57 87 53 66 81 67 86 32 39 29 55 26 64 41 81 50 72 23 20 20 36 61 94 70 29 98 31 70 27 24 46 72 72 88 25 95 22 88 85
51 86 78 83 63 25 82 67 40 75 92 37 81 47 43 34 57 46 74 65 83 44 70 65 55 31 36 96 53 54 41 53 56 20 86 38 65 55 31 32 87 21 88 33 86 57 79
75 25 56 47 75 26 55 43 28 76 69 80 43 98 71 24 91 26 78 54 94 75 93 50 76 48 53 40 72 50 75 28 43 60 76 39 53 57 65 40 100 96 20 74 49 63 52
87 57 56 45 86 44 45 21 33 67 51 89 35 29 69 35 68 62 28 66 39 56 27 78 63 98 49 69 69 27 33 33 48 86 92 35 53 76 99 94 23 67 64 90 96 20 32
60 39 57 44 46 30 35 44 20 96 54 81 74 78 58 53 27 67 73 34 68 56 60 79 28 80 83 54 97 58 34 60 94 31 26 78 69 84 86 94 91 27 64 59 61 78 65
32 63 66 89 24 73 86 81 68 54 71 45 41 24 97 75 64 81 30 20 68 53 98 40 100 60 47 24 42 30 46 59 94 77 35 47 27 83 92 27 56 56 92 38 70 95 88
60 56 50 27 85 95 84 46 99 89 64 37 49 22 68 28 51 75 47 29 92 41 77 41 83 80 23 69 32 96 92 74 38 57 53 42 56 23 98 49 88 82 62 62 37 84 89
81 62 98 85 77 44 80 80 30 62 90 73 41 57 51 40 36 86 49 77 77 25 27 51 51 90 43 92 69 29 99 61 31 73 70 80 63 61 62 78 44 97 95 96 25 70 28
98 30 55 33 47 33 96 24 41 88 26 71 97 43 27 55 40 97 22 35 76 83 84 88 75 44 46 56 89 22 33 62 74 85 48 82 66 27 53 60 41 69 25 74 88 58 44
40 87 38 99 37 33 39 35 85 82 85 54 55 68 80 28 39 53 75 82 41 74 45 74 22 42 100 29 48 37 79 71 30 93 30 62 93 99 73 22 40 49 77 54 95 100 35
97 20 41 70 97 49 75 81 85 81 89 99 54 29 58 50 34 32 39 84 83 30 42 100 46 54 82 84 38 64 68 26 92 57 54 50 77 79 69 58 96 52 92 25 89 81 43
83 38 100 85 25 36 51 31 22 56 94 38 76 83 61 42 72 57 89 24 45 79 95 44 20 36 59 21 51 65 28 94 37 95 97 56 48 42 34 86 23 97 35 24 61 39 92
24 31 99 25 34 39 55 92 97 94 88 94 82 93 88 47 20 92 49 41 94 33 25 34 24 87 54 55 90 99 54 92 89 70 86 46 84 35 55 35 74 59 42 59 29 100 38
50 54 43 73 86 25 66 97 45 20 69 66 50 81 99 25 72 27 98 82 32 72 70 35 95 86 33 36 39 81 37 21 48 68 70 23 64 87 77 64 59 48 67 20 73 88 97
43 84 84 66 94 67 56 48 41 38 91 77 55 39 65 59 81 25 71 66 77 84 90 94 62 61 47 28 28 42 52 78 20 59 43 81 44 89 63 29 76 26 41 87 86 76 38
72 22 55 76 62 56 39 42 56 65 40 32 95 90 85 20 43 55 24 74 25 76 43 70 97 84 75 76 95 39 95 37 80 85 91 35 93 46 63 77 97 86 94 37 45 88 98
76 76 20 81 62 48 53 97 39 96 20 27 24 64 73 78 81 94 40 86 62 79 93 92 92 96 61 65 58 45 41 87 67 39 62 46 50 37 96 70 50 86 29 65 98 44 53
77 58 24 38 44 23 98 86 40 57 75 26 65 99 54 43 80 88 79 70 30 69 23 82 81 98 31 37 78 66 98 90 20 69 40 21 57 31 53 85 26 83 96 34 38 79 61
60 80 45 94 71 48 25 64 98 84 27 32 65 22 42 26 51 74 82 60 68 47 34 42 78 95 69 40 52 77 84 86 43 69 54 20 22 46 91 25 27 54 92 79 94 44 46
84 57 93 92 53 81 95 41 47 29 97 26 60 95 34 70 59 29 20 64 49 59 62 56 60 20 94 48 70 20 21 24 67 64 32 96 41 68 70 40 67 59 53 69 60 67 39
35 62 22 100 83 87 20 58 34 73 25 76 68 58 93 26 89 28 72 47 82 31 73 93 38 37 89 47 58 26 67 34 100 92 41 59 29 34 27 48 51 87 24 75 94 56 25
49 75 57 85 100 80 26 21 79 44 64 62 60 75 27 86 80 47 89 26 84 78 58 28 53 89 65 27 30 51 32 74 62 32 64 61 82 76 62 66 95 27 61 32 70 65 43
70 30 38 46 30 60 93 52 43 66 98 39 62 59 45 45 52 34 27 98 74 59 56 57 59 92 23 61 29 25 88 89 55 60 40 65 41 41 49 23 47 31 26 28 86 59 73
53 40 64 90 47 64 72 59 76 69 35 39 79 97 42 65 48 73 71 60 61 76 76 44 80 59 68 55 61 67 56 51 61 32 88 65 76 82 58 72 71 25 28 35 38 72 27
44 58 81 50 57 95 25 69 64 23 70 24 56 84 50 35 48 53 91 21 89 81 29 29 43 22 21 31 61 49 94 51 95 78 37 97 78 66 66 93 100 41 33 40 92 67 78
95 96 31 34 89 24 96 32 65 66 37 56 69 53 90 90 21 62 65 50 22 24 21 95 89 83 91 84 31 44 28 67 58 87 79 80 31 43 39 80 76 49 50 100 49 54 88
88 87 62 94 32 68 71 47 25 34 98 35 93 30 37 23 48 52 51 53 49 38 54 57 100 41 30 52 33 26 97 86 97 57 40 41 92 35 41 49 63 80 96 67 42 59 97
86 81 39 44 77 90 32 45 23 58 98 27 44 22 90 38 51 65 56 82 46 67 53 35 32 31 68 39 43 75 37 78 30 51 95 85 60 87 60 91 89 47 33 85 70 73 67