33 19
32
29 9
10 24
17 11
17 13
10 22
5 18
5 6
5 24
28 22
2 11
0 14
31 3
27 17
14 2
16 13
16 28
1 30
4 5
26 4
25 24
29 20
19 32
20 6
9 12
25 7
0 23
15 8
8 30
26 31
19 6
25 21
1 3
53 34 53 40 73 49 46 100 61 59 40 74 88 28 63 59 79 42 94 21 36 77 76 54 84 52 76 72 62 98 83 94 98
48 55 53 69 28 91 47 80 35 57 81 53 42 52 57 22 50 74 68 72 89 96 48 65 26 70 44 43 87 91 33 51 63
45 25 71 41 28 89 58 69 50 38 88 47 47 55 75 52 77 57 40 87 85 56 39 67 64 51 49 32 71 75 51 48 34
86 61 86 35 35 74 38 87 57 64 93 27 33 71 94 71 90 88 61 86 58 99 27 98 26 50 35 95 46 98 67 43 92
71 69 37 83 25 72 75 98 57 55 22 70 85 48 32 56 25 91 95 63 40 55 77 76 28 73 47 80 45 65 98 97 92
32 37 70 32 46 34 68 81 31 76 88 40 48 70 67 48 74 84 22 81 21 25 52 95 67 52 94 68 29 48 76 21 97
74 90 97 97 86 62 91 84 55 38 66 35 40 89 60 21 24 47 50 77 91 59 43 40 81 78 59 44 88 23 52 84 52
78 93 58 51 69 47 77 85 47 44 26 28 62 94 67 96 27 35 92 88 59 66 32 43 51 49 75 82 32 71 69 73 38
48 84 60 39 29 33 51 35 54 21 49 28 100 29 100 95 26 39 24 85 55 51 60 44 30 67 88 47 20 85 88 22 66
28 81 91 54 33 40 97 42 43 98 85 72 91 90 83 51 28 65 43 57 89 42 69 39 95 51 52 99 40 39 27 78 86
64 94 33 52 87 42 34 53 99 30 20 58 28 43 86 23 83 74 26 21 41 90 70 73 49 99 29 60 97 21 93 33 86
23 86 67 94 31 76 68 97 55 71 100 56 52 92 97 83 53 39 31 47 90 30 50 37 83 69 41 27 49 80 24 51 97
96 68 43 42 58 44 88 65 26 26 27 84 77 58 83 73 92 42 89 92 63 39 62 70 75 85 50 49 45 69 35 49 53
50 79 67 64 54 83 75 21 39 37 95 81 21 51 86 39 71 49 40 30 37 79 35 65 87 85 72 50 73 30 74 22 87
74 93 46 20 57 60 72 97 29 97 23 57 81 31 81 66 98 52 52 53 87 21 28 93 55 72 41 78 76 77 22 74 77
68 39 92 52 68 33 75 20 100 74 54 39 47 33 69 72 78 95 39 20 61 54 73 71 20 77 51 91 32 51 87 55 27
30 35 60 68 88 92 50 49 95 80 69 32 37 64 45 72 66 70 82 21 65 28 40 41 65 86 77 41 93 82 96 100 83
29 65 94 35 82 100 83 64 70 31 61 27 64 78 68 74 80 77 58 81 85 53 97 96 26 64 47 35 35 97 74 71 80
20 43 74 46 54 61 68 50 27 26 33 27 99 74 67 93 68 83 32 49 38 82 53 85 45 25 31 88 42 53 52 53 85