34 18
33
4 7
1 17
30 4
26 23
32 29
19 9
13 2
12 28
20 17
11 14
31 20
31 25
13 33
9 33
3 20
21 6
12 10
11 28
20 24
18 25
26 24
29 15
19 5
22 24
27 17
29 33
0 14
8 20
2 28
4 28
32 16
6 20
18 5
80 88 90 86 54 26 77 89 56 27 51 35 99 53 90 91 96 96 95 20 90 85 63 82 67 64 50 56 40 81 77 70 82 94
60 67 28 65 89 41 54 31 75 20 41 53 96 21 51 56 59 73 44 88 23 50 53 90 52 93 90 60 37 44 66 79 27 89
23 65 100 85 22 87 42 86 86 70 80 87 85 33 61 44 23 66 37 35 66 47 52 88 69 92 83 64 58 36 43 36 60 42
73 84 58 20 50 78 56 76 49 80 27 46 92 51 79 82 50 24 59 37 89 55 39 79 50 84 80 22 58 51 91 36 91 43
67 78 50 26 47 50 67 66 98 33 71 71 68 72 63 68 32 49 35 47 71 53 64 69 53 96 64 34 67 90 69 96 62 60
44 95 97 55 90 91 24 37 21 69 52 33 61 45 89 31 22 35 92 80 82 65 88 24 62 27 44 99 86 92 86 76 71 55
30 89 97 38 98 75 41 21 77 48 32 67 69 66 91 44 23 27 22 50 92 41 41 87 100 92 80 94 71 41 42 89 95 78
78 97 21 94 90 22 97 78 32 63 85 21 45 62 87 27 61 48 78 68 54 37 27 87 93 100 45 41 93 20 37 87 60 67
33 58 29 82 90 36 29 87 83 55 94 39 54 51 71 72 21 71 35 64 78 78 96 56 41 52 34 98 50 53 91 99 63 22
54 27 96 52 50 90 26 54 26 100 82 61 33 52 50 79 28 70 60 59 35 25 33 78 57 53 93 58 68 48 44 81 62 50
88 56 21 45 60 64 84 68 47 45 54 75 99 82 20 88 84 39 55 20 87 50 27 76 79 57 23 20 59 93 63 29 88 73
96 79 33 68 29 33 91 67 61 25 32 35 35 37 55 25 47 90 65 35 20 37 97 75 52 31 87 36 62 34 95 42 76 98
73 93 51 80 53 85 76 63 75 61 87 89 26 99 68 92 63 94 55 54 21 34 92 100 59 34 61 87 67 100 73 99 88 54
69 32 60 36 28 88 64 84 57 46 98 86 31 84 96 51 40 31 97 55 70 33 29 88 32 85 55 70 59 100 67 48 33 77
53 74 53 77 97 46 86 20 80 79 45 48 43 77 95 80 97 32 61 27 67 89 57 93 69 22 43 59 40 85 82 86 43 95
62 29 64 96 30 43 86 68 51 67 40 84 48 54 58 76 56 66 71 66 31 21 67 82 65 55 24 39 44 64 88 71 79 35
91 52 55 43 53 26 97 63 67 94 36 54 81 47 26 53 41 84 76 67 72 60 66 41 87 63 30 85 65 27 67 27 92 70
39 24 59 85 45 90 89 71 93 86 67 98 70 74 56 99 37 84 35 97 97 76 78 95 85 31 66 100 86 35 90 78 41 99